275515112
275189129
274541135
274160498
273561794
273310816
262733056
188042106
187938785
157950027
147903537
147903536
134333384
127046577
110255220
104908436
104850983
78488079
74890928
74173695
72825272
68771348
66512832
63564217
59479717
54716577
48962414
48025254
44996545
36626940
33494725
11755648
10597625
9483224
4701559
4534531
3480333
2365901
794609
530774
276383311
275824980
275481464
273568833
273358116
271421398
270441219
269963837
221044081
185248203
184973099
178462936
176150377
163825477
162841495
161017652
134550148
109393205
109298151
103692716
94997508
81676555
67012257
57588479
53758851
48537880
37535371
36627517
33494720
31502012
7270329
3577985
2635459
2394877
2241935
1695753
684651
630207
445000
392067
276191281
276093772
276031734
275123782
274371719
273634419
205251409
198961119
183484077
162841493
147356515
143116407
126310055
125087214
114773096
107137543
107087960
82605430
82605269
80964740
77767851
73281375
72286199
71159586
60710348
58616785
58065295
58057112
57921973
34281542
31276266
14678375
3611017
1644907
795679
650250
558109
532619
444297
392729
276527022
275854933
275522847
275494237
274474378
271199612
270243031
252135469
242657514
215890753
178462960
176509785
174666584
173550857
163170724
163170723
136839729
133815741
120998519
118137722
116971817
110348059
108067800
107982425
105732010
88206665
74447300
72971523
70777395
68258241
53729264
46825222
31252945
22526356
3873843
2138075
1953527
456050
449508
392842
276093727
275960830
275855092
275087255
273358997
273262929
271289099
270484841
262454784
248342498
203291718
201622469
199049610
189641775
186318183
183719013
130470387
130412385
120824825
117929505
117161148
116875360
113633607
112694371
105516210
80934244
72549513
60239676
56857479
44082577
20831639
6768703
2498045
2138525
1941995
550582
473139
447317
447316
377077
276042570
275949431
275949418
275638019
275512776
275087496
273609531
273196643
269968295
242444398
207358853
195787224
188131717
177482641
175422668
130172671
129276238
125087348
122646060
112020006
108916695
93293156
77200428
71196779
58570537
57899819
56492195
50247154
48972911
26078293
24196682
20882633
13822784
10131404
2393139
1826511
658092
448842
444670
392857
275403281
275088296
274793000
274414870
274106659
274038473
273263931
272428559
253461486
217729422
215890763
213710700
198650660
194473397
187645122
187063609
174162754
171656924
113457048
112074239
106032473
95052954
90024050
76145264
73190767
71685858
64239886
60239653
58477448
56525193
46581920
45474334
42867263
32069555
20270627
11386192
1695751
973082
793322
468655
275847974
275376207
275271268
274962250
274554505
272724598
271421415
271199606
270921853
250055371
189475890
185694382
178599953
177659918
173425151
172436841
165046253
162838903
141113188
138722494
137904273
130083414
116807013
116775052
107553571
105742554
105027822
60824784
42648351
22526353
22095583
20701352
11295059
7171891
6805039
3619821
496739
426283
405170
393735
276109994
275481662
275332051
275271315
275068675
274990852
273577371
270161132
257538128
242424881
208201620
196443206
196233680
194473550
189671864
187063412
165045990
160294395
150977057
129766377
109331044
102431931
91978576
73182663
72511171
70784092
59097384
58057114
55583871
46837899
31885425
26020574
24598534
21403520
11386190
6772415
1563563
790397
658094
394854
275874459
275481655
275128376
275015814
274990851
274770218
263114618
251092906
207815008
204056573
197674846
193013426
192391024
188189719
187812590
186741174
171945063
154241416
126309778
108279986
90110368
74932973
57878964
57489540
54808192
43935672
42617248
36836228
36676655
24352990
20730433
20659766
12878026
11502504
7177821
3873779
973086
692360
444402
403444
276042557
275043102
274460418
274049570
273020028
270437290
270231778
249026128
248703729
220661346
215176002
206191755
201843850
200969364
199739900
197971037
185594508
182849593
181358607
174121438
161939754
147356517
140864366
139705378
117837053
117837049
112092520
108747198
75443000
74960872
72801254
57983571
46827226
27577966
21072910
3576359
3071301
2798485
548609
533336
276475535
276166775
276003391
275825352
275376592
275358184
274890373
274762324
274474370
274097513
273792001
262877323
182558874
182134115
177429481
145832230
141231419
135415392
133775654
124015743
120441829
116036994
102551521
84841801
84284715
70591134
57790305
56088113
51520870
49011750
46251836
15245304
12638220
7347329
1908441
1734985
973080
658099
558110
403455
276310100
276235582
276130921
276075547
275522844
275354604
275264614
274987524
273358160
272360974
271078037
270959091
269891936
206952529
204337921
196232447
185495919
172373158
171681721
129012522
117807480
115972704
115523313
100947626
90107406
82673534
79742205
76277433
71506728
52189605
36364168
36224613
24598538
24029999
22132884
13462774
4173393
1007250
466051
449023
276642945
276255776
276242069
275826539
275612320
275517187
273719616
273280838
273177709
273134636
273119078
272229125
271336809
263852499
262848936
258670389
212351553
198203289
185568983
171894493
169562687
161397056
142124634
140523567
121257255
121185839
115324059
114750893
103692769
91447546
78631347
74884530
74595959
70832055
63162061
59103586
37139719
32200286
21652972
11446529
276383377
276042548
276035382
276035198
272404951
271421508
253394365
252190393
212551751
204310795
192155126
186084792
178034158
172081643
149914962
134333386
127502022
123545201
115942234
115935558
115880155
89764089
79410098
75790706
74623864
74261828
59097386
53131650
52686889
50820173
45882438
38171233
23794452
21403616
1563561
922171
813164
689250
548599
449515
276962350
276388764
276024660
275825297
275270750
275068671
274363148
273452449
251773246
217849689
214517806
213866788
192972236
185411479
170658293
165972136
165182324
162841487
157544494
155042149
152788852
130042726
126979953
110982026
110025293
102551598
91816216
79561024
77985981
77656673
74386218
70671961
60222330
57588481
51337072
49919340
46131258
1368775
647177
496573
276605707
274324174
273905992
273119896
270906060
201843634
188990495
185715444
185511411
180934382
166322424
165934869
160786781
155065478
137599329
125087218
123763121
114894205
88962147
74792439
70834481
68570475
57900800
57496390
55442805
52480695
51520868
35216213
10231021
7200571
3916645
730095
658090
595750
576131
545579
529093
456015
449796
414764
276492018
276062829
276024338
276017790
275512782
275437422
275426507
275058584
275004348
274545314
273641747
273457347
273262922
273262469
270250410
246164536
242484597
201375392
198435293
197693898
192879243
179059960
174539208
169712232
162822107
156637053
152881151
147776013
120797515
89691201
79855914
69226426
57960503
52293499
37082390
36994841
25169566
16391516
1411291
509870
276246046
276035076
275551197
275427708
274704855
274371699
273475078
273347899
263580135
251324797
249156294
249005445
248826825
242747639
214065190
213894897
213564231
194961493
193604081
165846189
162838907
149145719
140587780
137599423
136835712
125360451
111972630
109369397
105602628
101972521
89591624
72735351
52653885
44157951
36494034
23462368
1725813
1368543
604939
426282
276611792
276252312
275959416
275780617
275441315
275362454
275092458
274682006
274564685
274372379
273682095
273170734
273165203
261803362
260215348
252132703
243044288
219460480
191808972
187345103
175433142
173796447
170262463
160759200
160686453
157425762
137599677
108747393
87960372
72285990
68832220
43950691
15720842
13462562
12643754
12284683
8348786
1733779
1644719
367142
276345496
276290436
276164481
274987520
274965975
272939869
271889604
248703712
213564222
194479732
192391003
192113320
190507534
165937758
157542552
147352661
129235211
115872952
109219377
108914010
108020412
90331616
77657057
73090080
72637445
57901956
50731778
49164943
48452380
48076547
45944490
42489602
20831735
17907380
11385211
885374
484666
474857
447306
392839
276235651
275580060
275541785
275512801
275376744
274962254
274797685
273262919
272857959
271199618
270906384
205915127
199739897
198944761
197161534
188976646
188147582
184781419
163552503
163265449
141052302
125087228
78631427
76102965
74541023
73506884
70527519
57960490
55583867
54614613
54445323
52871280
47994714
38628206
31522970
29168708
23411036
10369519
4281063
2890867
276019055
275401155
273769294
273391119
272857599
263274096
263274092
262746226
253498875
249766236
249483591
248703736
198696898
193888006
188513963
188189693
184218737
179939630
178100509
171651050
165927311
162540621
140105532
126943293
126863127
122576690
106378953
103914497
101845731
78487832
73124820
42958544
42252702
39186205
12058514
7170571
2386315
1368631
548440
526678
276008665
275975130
275962956
275920188
275886042
275512795
275494223
273745411
271168160
262804299
252062551
250742999
220666549
206488252
202737754
202611198
197627322
182830449
171833753
168983466
163245285
161242040
160605955
158430066
143492954
137826470
58057110
58047274
51470321
48928996
42833505
42244179
26669664
13524712
10131463
3611007
1037608
658097
510070
380053
275842336
275825356
275326397
275069326
273119971
271973555
270820867
257778253
225100706
219133268
217726812
208619044
197497487
193923900
193111702
190298297
178951574
177196997
162870013
146647991
143658302
127869206
121268438
115281186
111305682
110347508
109452393
78473108
76149437
73603606
71111211
65221065
55057555
29825391
20916755
11385166
4754633
1037610
474821
449214
276449581
276230804
273647562
270840043
269951803
253395511
249920523
248342623
247892149
247383845
225210042
214200144
200721501
194140790
191595065
189369746
186317677
185592186
185558059
185411406
184218544
174085836
153501391
150673005
109325097
91928709
80327476
76213467
56603117
46134873
40848127
37455760
35250138
12757829
2498757
1733803
783075
647180
556669
111518
276438100
276249306
276024380
275494239
275376631
273947283
273669520
273217576
271782884
270452612
253414567
247843240
247598864
242159208
225909108
193314885
192797674
192164545
188556396
186522968
178462957
175549769
167061509
146289318
137599396
124511946
117076918
112551472
91412666
59126207
55931424
21583187
8342417
3236093
2778291
877714
756665
637489
556607
540549
276962527
276390674
275911163
275710218
274865860
273962380
273560747
273502846
271531588
269851617
262946060
261957912
258490510
248244127
198085493
186134476
178592742
171732832
160686654
152548051
132847950
130787906
116393840
112047349
100947624
98763603
93212517
79414512
78629396
76406735
66727944
50643212
48152656
40978434
11596130
3577753
2581851
782215
403522
362117
276495435
276191405
276017265
275889583
275428285
275294279
275111114
275075249
274961282
274461853
273166313
272944273
271366543
271307518
262305727
198542245
194811732
193442681
191089378
190703005
181448118
127351318
127192552
117213213
114691195
83363163
73608140
73089414
52574340
50356427
35283819
33414955
20046513
2174695
2166849
790401
729881
474819
398757
368612
276042558
275043009
274506059
274324223
274153615
273395997
273316380
272890821
272564196
271370649
269893430
208004944
204417063
200126188
191373503
177197007
171833798
162979726
161241909
134529669
126979955
117339494
111976756
105888547
82179448
72549285
72453880
68124808
56514020
54036421
53729243
48077372
33392748
14486887
12886341
3071357
792626
730297
559180
523488
276450752
276415875
276017476
275971010
275943159
275867138
275815156
275758304
275516347
275034808
275011770
273640530
272939630
271332826
262825752
247764496
223862812
214847054
195970827
192376889
191529692
189336958
188189709
188043728
186552176
184240417
172168346
164080652
138604249
127515673
121414573
106320899
93882901
72510809
72292970
68441125
57902421
37140242
33597004
524109
276235627
275858410
275823862
275552221
275350420
274561495
273384025
273328650
273080919
272882901
272564073
272416557
270133775
254077139
253190854
247853438
247239241
243046185
205632165
202379568
198800934
191067105
178549512
178340190
167971770
166054723
115972725
115884591
82231159
55998254
48586992
44303159
42486284
26296355
26086741
20373507
6522955
1020902
831124
686820
276612150
276264277
275960402
275952146
275267190
275059627
275058078
273682100
273134297
272943367
262044987
243096844
217727548
204640223
202416193
201439576
178593120
162027350
160686233
160684899
149916439
147723791
137599544
137599398
123554463
119450150
116966403
116254794
115694916
110841096
91252008
77659508
76021927
75581007
42958067
22152049
12275787
533429
514656
447304
276398935
276152559
275197192
275090301
274735148
274622740
274558439
273929369
273687964
273562223
273562213
273314987
272304599
262749934
249941280
209389005
203825322
197922760
192990948
189157535
185411212
181366447
181119001
179367953
163169845
137599692
136966246
111717802
92487996
90474488
77674225
76039704
71920556
58400681
46561639
26024212
19755982
17594737
14767921
359479
276404936
276042569
275820550
275514094
275106559
274842611
274680888
273891102
273202010
272562670
272332793
271982608
270466545
253103696
249037020
225935859
216461625
215400620
206781581
205917971
198792399
189466182
185809369
175173285
174055688
162521850
145669317
138456039
138112662
119334715
82558771
82173714
54008196
44182938
43815429
42557098
36249741
2577359
658087
532233
276093584
274134309
252699533
248544975
239182594
205620386
201843638
195766786
192859181
186906358
185215651
179073244
172684141
149914940
145770366
138103805
137599387
123205627
118102106
112218301
110350148
105690821
79549815
75583174
74431739
71999133
67185862
59280544
56946211
55727602
49011602
48462032
35910532
32127235
31883144
10007294
1733759
1091816
561881
532446
276235645
275512805
273569104
250752492
249206305
206487777
189374422
188043693
186278651
182602978
177196981
175807088
174558496
174523824
174121452
168114464
167433084
166619530
162540539
145221825
133775737
125632855
118100277
103787824
103093461
101825652
58862522
55386294
54512463
52757053
50669832
48962562
46768480
26349242
24598536
13224952
4526261
1460199
843414
421053
276643937
276179891
275658092
275284890
275071703
274106348
273562063
271334249
269892505
248978163
222687828
222657323
217887588
214847042
208016587
198498754
197581690
193186380
187188415
185395243
185250026
180223383
155646366
138674766
138617973
126473775
123772063
78631871
71505303
64313758
58228044
52682358
49664341
41880917
31627744
21405040
13115667
11260465
10131469
10007045
276435995
276290193
274683068
271782744
249746506
248594259
199638654
186881684
183368719
174066451
162478347
158785461
143170532
135716050
129234503
121185591
119483343
116669873
112357333
105666369
105602617
100947678
82946936
73196571
72933729
72637441
58981749
47885195
35188335
21404535
20955541
10373665
3873849
969392
708665
680800
556320
533872
465036
380058
276235569
275965051
274686354
274548149
272929127
272035179
270541271
249296149
230200186
229769071
198741384
192705726
186629892
175425166
164238421
145802200
137551243
133723098
129235074
129234967
124718426
124037732
121268435
113271935
104727352
98848784
79578884
76056119
73104628
70652001
43131407
36627593
32004058
15398266
13524730
7389439
7253187
650002
637479
556264
275514030
275156813
274461697
273712192
273514210
273356998
273217863
271296143
242398166
212441277
207755025
186348865
186087267
177922334
154155186
139478709
138571920
134714366
134550146
128876301
126795031
126309749
79407694
70411283
67704432
57501647
44371240
39176757
31889220
17014393
9841273
2394125
2365981
782374
745857
637558
530606
468656
456066
448841
276623893
276046871
275695922
275148557
273313533
200969731
197848396
196356893
195840787
191818883
188543045
188042107
187012128
177924749
173349978
173327920
173111191
163902744
162865717
161370688
160419029
154173114
127060997
121036328
118103945
110474110
102551671
96753267
82895229
78631962
70832933
52682356
48342250
38243191
11824785
10113727
6769381
658107
556343
549578
276242780
276047150
276042575
275376671
275314625
274958188
274192060
273498483
270801646
262086118
252719797
212425749
188189695
171668760
171320501
141734794
135777009
133931756
127031247
125087340
116096867
108076683
107482074
81209126
76277429
73955526
73872625
72299914
56643089
42325720
32268615
22099036
17010845
12711774
11727737
6926369
924843
811794
637446
548778
276569194
276271469
276165256
276017278
275494221
275376449
275237456
273171025
249672000
248703811
199623722
198611055
198523053
181429171
173879464
164217784
159725939
152748162
149914953
140587778
137599519
130194940
123521339
121080456
97707350
89654737
87726496
72687922
72334364
71895027
67196051
52050272
51201505
42616002
36997570
24865295
19269095
10071344
1735015
1462095
276222781
275903962
275772933
275522845
275494229
275087167
275058446
274721957
273346883
263557324
260224713
248938983
205622178
194811728
192100135
188694253
187769687
185904875
185491694
174627584
169566511
166449052
144743247
138514274
130307988
126131871
118860017
115520179
110965193
74594174
51048647
45262406
35200694
7974404
1027937
968608
793084
639173
552675
468650
275603968
274604246
273902667
272932778
270795103
263575950
263517257
217186446
215535735
198800875
196839555
196837733
192391023
191654773
188945943
186084336
185495917
179221297
170894836
158996421
144448100
144250638
124475724
112131871
84284711
67156580
60152236
58065297
53292041
49270686
48165408
36996644
20730451
17486987
12724932
973088
792752
557166
394721
366884
275622235
275510332
275042894
274986470
273549576
207754808
201518132
197856950
197497201
190860233
188189727
187184425
186110833
185900289
168503915
165205845
164317923
155763275
150003408
149759255
134740439
118089412
113916705
109712615
109635280
100947689
81210079
72123356
57664259
52582321
48342298
25169570
19269681
11386678
982572
691584
567721
548511
374109
362105
276312965
276042577
275880831
275300741
274613560
272270655
262707220
248342565
227543350
197821059
193738185
185744097
171522717
163825318
160779340
158748856
150932133
143183758
127493781
125485714
124630255
120294862
84320511
71096024
56636967
55077319
52412331
39324604
32395651
26031273
24363713
20372569
14078166
2804889
934911
900796
708657
556272
532622
380070
276272474
276017276
275912388
275853866
275376268
275051268
274868381
274557828
274384937
273095920
270542170
249663070
215531922
214189733
212957252
200962888
197646214
196141584
186136353
177714084
165106847
162089122
160606300
143645027
143034721
138460078
137543950
130210132
130039629
125087322
124631359
113274611
91820885
87652126
78473092
55914240
31855043
15394613
637863
556621
276653878
276280140
276042551
275376241
275281116
275044209
274636681
274455546
273967544
261961249
247975016
247410160
242485435
208306477
205405276
198741215
197821221
195505634
194810594
189469258
186351956
179531224
169339425
143656779
130735099
115833922
105529304
82874219
44114073
39194011
36339442
22934792
22095599
16654650
11786171
2078515
1942005
983491
787542
468638