276159943
275702538
275406600
273844978
263070154
225269677
209389165
196932307
195801686
194960721
194959173
193614514
193151000
190861557
189643105
188940817
184466860
171556602
170708233
168283405
161310103
161008715
157432544
145288029
138107485
114937969
113530805
106185389
104769768
103379147
85763211
78598381
77774625
74021317
73787185
72308265
54614797
53720978
52788072
8885995
275599939
275025208
273844986
272449818
271379451
270546273
262590428
220665663
202879294
197353399
196851308
195885688
194205620
194205608
192124399
192115858
190843478
185071145
181699664
177487151
173882437
173763072
163703151
140416370
127844385
120219394
105483727
104741661
76013378
70224520
69219919
52789367
52329763
23416722
14508205
13419678
8886007
7718737
5067169
3304875
277357535
276313958
274363543
273819808
273114488
272000024
270114030
262977989
225269684
212213013
207946236
196515668
190238356
176909221
174842858
173831571
170772575
162844699
158019964
126743464
115266692
110448022
102629318
95218451
87226756
86517373
73878873
73515859
53532186
52785564
52584834
50414368
35191892
21130350
10005245
7982628
3954355
3608623
828621
540040
276497195
276388548
274926099
274163238
273383957
271380890
243358535
225912339
225271293
197634201
193411736
187827003
186434700
186286187
186091870
184419723
179063564
164336673
162205263
160759005
157240665
145287904
100931418
100931414
90056907
85029033
75307228
67271338
57815506
52597663
48629535
48481763
48323805
44433397
17719702
15267827
14053724
13624088
12138656
10095276
276480972
276477771
276106321
275703607
275264393
274031576
273717706
253129523
249875150
194960245
193446628
193434488
192909291
189657049
187622420
178294073
170708219
168662558
151994935
147920903
147058065
133599625
117238177
107026335
101782486
95289208
90985722
87959748
76776245
76012203
73222800
72744612
56697257
53722909
50322710
49002009
36363381
17881046
4780917
377644
276886061
276563037
276503172
276418968
275676836
274638593
205942263
197990867
196001693
194960730
192475873
190240560
187843301
176654072
140360874
138226289
137161811
106365090
105614684
95090804
93734071
93249197
80960198
72689369
57325187
56609155
55506686
54051756
50685547
49181801
46789754
46240929
20444622
10383904
10325548
4080373
750578
706939
637390
555504
276504663
276256755
276019606
275362670
274649745
273633981
261982682
249876840
219148748
201845361
196849409
196849393
195801321
195190103
193211309
189350061
187843291
187622581
185888686
176550203
155550591
148760915
107802183
100384412
95997783
79672197
76014598
73316970
73207098
63187280
59262880
57767468
53452969
52329765
38223395
13446508
10920495
10397241
552393
545278
276377313
275571109
273457566
273058881
206678865
197602047
196849405
196150482
193981038
193605374
188940825
186434701
186290802
186211127
185188826
184801142
181379116
163902722
139979524
136340700
121635152
116397449
111580006
111285050
107342987
95090643
92492870
91947689
76541999
76401055
73139676
72459686
68392386
66619715
59078520
58390336
55319105
19349145
12107394
3048355
276430704
276388838
275332762
274845354
253360429
249160355
244300829
197629362
195306000
191506179
190701636
190335975
190214568
189657596
185232569
173093792
130314065
117681065
116835635
113583126
107363748
106788395
100958457
95090744
95090377
90227346
87389629
77324132
75813201
66067655
56878836
54266567
49249526
42230121
41131985
37865684
26593338
17336364
4466841
540039
277164014
276841175
276477770
276159903
276138371
273534078
271270199
195291930
194471830
189558192
187827390
185889844
181699672
174449882
165030729
154245455
139303869
136232535
121185868
112110014
85923342
77149524
75636226
74981856
65008052
56377199
55605172
53434797
52798281
49910019
43859629
13920941
11806671
8121633
8121460
7833728
3876677
3640427
1734377
1445365
276886071
276439755
276387182
276165353
275948240
275945034
273645890
272392514
270665134
214186194
204078065
196204932
194205624
187001113
182149648
165700192
160488838
157432540
150783204
149942445
147920905
143226162
143217512
137751490
127203905
127077157
124767703
114689806
110583137
104074997
97825967
87960389
74608742
69624539
52805060
52004412
28292286
13065341
12377498
3014291
277444127
276545380
276292132
276246253
275698427
263068035
225269678
214186191
212213031
195190269
193450572
188960732
185500894
184070223
181699658
171055469
157255752
155463025
148802194
146225297
145977548
143676192
143513113
102629342
99511241
95089986
77105730
72202103
68456842
67712912
66698344
58627102
58547334
46849710
45663008
34751481
25203389
5743603
1534613
1029894
275928713
275571603
275190399
275044457
275041762
274120615
272349560
272129446
213701365
195801705
194197858
192733741
189643106
181122317
173364636
159865191
153518828
152743069
151597556
146271773
145092110
140416373
113530804
109298270
109017985
102893964
90679276
82912488
71898415
68049234
66090079
58067801
54748899
40933969
21146016
14136016
7369223
5852521
1007137
535576
276583957
276376962
275613236
275571590
273356637
272003250
271916321
265478085
262477186
209891492
204631110
196394972
195662905
193896561
188381614
187827445
186578993
185854305
185408437
185067342
170098856
167940010
165150439
161383826
155370834
148008757
145288026
129766803
112333133
112332742
87149160
77539095
76737958
71345381
49204092
32490132
31509726
16284286
14053722
6482397
275853192
275705688
271495372
259537049
207841197
202242054
193988316
191926650
191148968
190702862
187889757
181928999
175956866
175833959
174444166
174301838
173748415
155351487
138269668
111537682
101297001
100958464
87941401
80920029
80657321
76305752
74616448
69644748
46107068
34708988
17530147
13673968
13333355
10581200
8149335
8011021
5974545
3953475
867314
347334
276609094
275987621
273529947
272888010
271518926
260811303
250335067
249178401
197587848
196373994
194130753
191353862
191148787
188128043
184781428
178240555
172422019
166033485
161426372
152875147
151597558
147988196
112588572
109982972
99681443
85242387
76117849
73222804
72744539
72688720
69162885
59362973
46755107
42975887
11413619
6807847
1667307
1544255
1080002
392568
276609097
276525604
276425600
275793521
275585434
273119845
271479936
260811306
252098916
206675362
199692508
198707246
195661677
195541265
193109496
186876107
186578233
184101370
181699596
178514167
173878382
173515430
173135243
157054867
152522279
139567621
129765498
101801426
91343895
77323488
77109209
59395854
41556498
35410612
31515106
13116553
8886001
7440075
560242
405634
276886135
276165164
275926326
275909699
274724185
273634677
273346856
273059015
272967439
272226138
252385478
204000450
195623888
190707619
190701640
189076559
187859733
187859732
187279375
184070221
172175794
157244522
151998250
117106069
111537683
82936273
68350215
58165559
49722650
49252204
44976191
41299108
29190890
14684952
9687403
7556499
730723
714023
595726
386182
276478251
276234768
275925573
275923489
275104696
274352192
197142885
192377680
190608552
185903114
179546672
177569697
174444190
166525103
161930883
160754106
153045603
143185998
120509490
113540577
111285054
111271288
111165275
110112108
107034694
82041440
80142837
74460137
59043891
59010153
54616131
51244265
29830245
29290844
22634351
8835159
5067155
3529957
1823525
730782
277357591
276563055
275237440
275178313
273732354
273691873
273280353
270977373
248160192
242424688
205033951
195928317
195801639
195306005
195291853
186880675
186290796
186286174
185909452
183539215
176909246
171821043
157019700
125362334
115702579
108130861
104314401
94878710
77917794
76105910
73107479
71658956
69764547
56819709
53258507
52329861
50322534
50072452
49368591
572247
276609088
275849539
275427635
274708289
274377039
270883265
270304509
267208813
260819797
196201375
191782162
189326210
184283143
179546070
175845415
173718231
170352757
169621651
139979522
129381392
109982968
105614631
90480255
89222118
75615221
73553837
68580163
53974339
49002497
48362502
44911496
39521136
34750208
22634335
20104310
19963125
8306438
4219547
2496281
1726203
276353075
276345840
276077530
275923492
274612419
270789003
270660514
270660457
249773417
229714486
206840682
199030585
193895767
190601856
182551495
176144899
167685123
146846342
111285062
106225670
105614601
103693005
85258271
83680361
74217673
73207240
68688349
59207573
58441509
56454897
50723822
50322156
44858499
44044693
3283713
1727985
730678
719930
531109
447670
276451364
276424003
276423999
275354843
274658981
274456082
273688229
273464121
271337379
271317275
262590359
248544480
243223577
221229959
220669832
206673076
200877611
197587865
196150464
196054990
192692429
184476623
184081012
176824194
167148807
157169477
154938614
118124353
115869787
98355902
94173458
91343901
58963727
55119185
48659055
28285288
22099041
10640993
2601231
485326
276608338
276546963
276451290
275946551
275243821
274946271
274404957
273822788
272123977
271516874
263980370
252912202
214493090
210277880
197380484
185854301
179952631
177637709
175147115
171549942
170298038
167019723
158706492
138038174
91553053
71072209
58063000
49747007
47161879
43341584
40933971
35761355
32219488
27971953
19274771
10392851
9687409
2430427
656342
544731
276564978
276563040
276423996
275525082
274542415
270660740
247843970
214493605
208565595
195801673
190857214
190565198
182972777
176909231
173515991
166525107
165030731
161878354
159814614
147761080
110448030
89764009
87726331
76388962
71990280
58839915
58342212
41754180
34751487
20520720
13853115
10678954
9734633
8835539
2583033
2469667
1995037
1352355
730580
381234
276610629
276464659
275587692
271456646
263514100
216203823
197657913
191693167
185232565
171549980
165150437
161903427
156224977
153518813
151597210
130997085
124894164
121236564
113530800
94173462
90622579
88783858
84565498
77621574
75639706
74416876
73871086
57211761
54120846
53303190
27594632
16631728
6756517
5914507
3529955
1725947
1381603
1053642
860788
433287
276231113
276078455
275062854
274826840
273321955
271626742
270145704
263697851
253237308
204051994
197352178
188663318
186112407
181699642
176909240
173745189
170345818
167114300
157422653
155115299
145288035
145092101
141002533
136942986
128656374
124767704
119026255
103511949
90738221
73521489
57211757
53243293
50421097
36474716
15309643
8021467
7644510
1864759
1548699
867296
276558936
276230746
276075631
275962493
275716156
275611835
275452687
274466425
271319877
270768957
229726912
192909292
185873054
182709679
165989508
158222302
158019962
152740748
138934617
129381396
114271472
110585305
106208721
101983078
95090259
92859698
91343892
63473606
57318087
51215567
43341577
14684312
10401545
4439907
3141733
1625603
867302
658826
609457
413096
276525602
276525174
276507475
275739724
275407262
275059407
274441170
273910316
273587465
204317934
196515659
187827443
186267244
173481350
169640941
160488878
151597234
142791752
129766527
111582631
109982976
109505434
105653684
104909150
101646537
90866359
88259908
67991610
57762732
52423046
50516615
47469953
46259908
44983181
26222263
16440471
10673028
10641017
453816
373833
276077657
276077522
275946529
275706634
247763938
207830892
197588247
196851824
195545286
192727106
192452461
186862155
185668543
184766289
175526827
174606930
166079528
165089915
160082484
157195759
156234327
146274565
129766541
125724932
96752565
88861618
59077209
58437180
50421107
44911506
26149080
25729300
16085854
10384347
7371485
980960
978832
543365
473058
464132
276329993
275153551
274468053
273418799
272582656
270837066
270837046
243090393
210513644
200617420
195545266
195103370
193976680
188534640
185448355
184243098
181379263
180226005
173764551
170708231
137825297
112329425
107010424
104611536
92859060
89768848
88961789
82413533
82386510
59049710
32674752
29355215
15877633
12488105
12107892
6214647
1660563
758635
474167
437069
276480975
276401022
276305333
274842313
274599269
273672301
273355903
260811341
247446852
207841114
197584816
196382820
195801692
194960744
190491187
187805737
186290790
185226875
184036405
177321527
173515993
170184306
169546331
136939554
127814264
107802188
98678067
69764541
59282421
54053152
53867338
30757184
25733149
14645351
11218443
10281626
10076124
4790473
3954351
1926761
276612370
276353078
276173316
275611105
274411010
273524646
273524641
272857824
272000023
271495367
271433546
271337381
213704979
196944533
196856119
196001721
195357772
193994147
193099631
192862924
189945465
186286186
185447938
173174175
171549938
168962694
168662171
152740756
138143167
126743459
69980931
67991602
57049003
37798687
23207263
20889775
19824204
11122712
595724
365791
276425588
276302842
275896456
275611112
275576876
275455749
275332765
275006070
274949838
274826887
274364976
273658079
273607574
272269839
270745659
202242026
198208141
190738015
184415422
167301575
163544552
162100197
106863962
105663942
88798687
80141519
77105703
75996801
75601401
52749673
45663006
44983175
7695664
5808797
3737965
3078021
2716247
2628851
1446609
394421
276624352
276525615
276361235
275849432
275278631
274919182
274175495
270847918
253621800
212356656
192125792
191782133
189588167
186517460
186290795
185242031
176909248
161593938
158868255
152464642
144621056
106362865
89221544
80141516
74362508
72540051
56750844
34709164
33543689
31991941
28284051
22881933
20084848
5412667
3718031
3672563
2469671
2469657
860417
595647
276895355
276595379
276567641
275833055
273316208
272421621
249374002
207754093
195969662
188534357
185909454
185873057
179546078
178737206
174444162
164932521
157955619
146362939
137694321
129748827
121185870
113655001
113500861
106810063
98079534
80141527
78015053
77225336
72667834
48629553
17954914
11371249
10738198
3859125
2987221
2783071
2126103
1709947
446365
394473
276471615
276467442
276380204
276375085
275782190
275332787
275212153
274845339
274630055
273612269
273079628
199582064
192876289
184419720
172499037
169914763
161903415
152743079
151597441
135552451
135322607
107560838
106863963
99513994
89501815
88793414
87391039
73838985
52423042
47101397
38265901
37887031
36399672
22725442
20917699
19345181
14983742
3869871
1513847
451691
276482075
276286317
276098886
275945039
273486371
273418785
208374393
196932335
193896504
190467230
185850547
177169326
162714772
160488843
157856467
155498031
147764389
127654501
125776045
100947284
98733522
95090550
88778686
76181976
72001057
71948001
66698585
55982899
48583250
46825641
40774181
28449505
22438813
16085863
11413613
10076122
2612569
1938895
1565657
1453497
276377308
275792722
272456762
271784299
270665877
252819611
251756016
230049923
197344441
193896500
192124403
192020150
187824619
184787584
179063952
178475552
178240547
177234518
168234714
146223395
105614572
98070479
95091089
88973339
85549938
81323246
71907876
66863431
52749308
52124332
51314912
45321630
42459036
19691954
14446873
7958959
6926841
6161649
4940249
596463
276504681
275945830
272226136
271729831
263391841
260810314
221228338
214495555
212213035
205010302
198644079
195952106
193446634
192125806
181699612
178226116
174377494
144379630
143217515
136143567
106754127
89402956
76776251
76012201
74174188
69764534
66712450
63584826
56256828
55605170
45327515
39228816
34708919
20056400
16306339
15913448
14453314
5743621
4371159
2612567
276659602
276655588
276639448
276609103
276585420
276514272
273678384
272000019
217154522
202661687
197656798
195968294
195201138
192115857
171549946
168293266
162834879
160370181
106225662
98185862
95090264
95090182
87726602
86267532
84950232
76012191
73320570
72542509
58936120
57300939
51903714
51845988
49904674
48629558
47142035
13407561
11885886
10694712
5743639
3608625
276502059
276451419
276344688
276289479
276257666
276174669
274931616
274928291
274546139
250334911
220684094
196142087
193116255
192124405
177767360
174558163
169546325
166033458
147988185
115869792
113540588
102133248
90743198
59293803
52423050
48873343
47323853
46332538
19588948
12574283
7496289
7089455
5780729
4940247
2776871
2583029
1513849
1352359
566065
468447
276401023
275948888
275421986
274844704
273719990
253284241
249157126
248544481
195545332
194017145
192125793
184095596
181924937
176560456
175147120
161497798
160081246
157196786
156234331
152743081
151597233
148073484
127649070
126474205
115869784
111582638
105362917
94347312
88794399
79539095
75947774
74285820
72804066
54672825
53095591
41334609
17477287
11735262
3141737
2430425
276509284
276509013
276425563
275354839
275157720
274883239
273910934
263066347
262783961
207968695
202242048
195545304
189765038
186286172
186256449
182541457
181770296
176230801
174444199
174038541
169603497
167183928
153065860
152870874
147931869
135552465
125775528
114447401
112825941
101583263
76117864
57354850
56362836
38436486
35740871
20737986
2612737
2267699
1403383
340052
277357548
276547770
276480980
276430702
276425575
276280444
276079779
275503303
274751560
274363342
273524655
272465910
272430555
272348939
272267674
271199015
263500714
262674040
253058430
249566302
200852591
195954748
192949982
192374488
192339427
192288262
176051502
174444186
173090922
155463014
150269635
149534843
107409162
106063719
32413721
19884509
16422556
13852926
7089451
5808777
276425570
276168127
275890913
275138977
273476653
272269829
271808190
216124178
205148094
192475875
187600385
179408351
176591074
175147117
171821041
168234722
167972598
158085628
131843987
130390308
129381098
111537689
107409415
101897983
92504870
90056903
80417220
77105707
68124452
67712889
58695890
50477553
48313527
46332522
33543681
31515478
29254205
14616755
9729890
997529
277444216
276414124
276408245
276380227
275926325
275882938
275550642
275068585
275020951
275014259
274599265
272449822
271537839
244168839
213702766
196932299
191926681
190705740
189336449
186286190
186286184
181122295
177924880
172069382
169377739
157579054
147999778
115818210
109262748
102141069
86517369
72615305
51574033
48364410
25056874
17458186
14513731
2473637
966507
571448
276568730
276525620
276514259
276491364
276353077
276139927
275820930
275748871
271414262
252887458
243006523
241821098
216090597
216090588
205815553
203864188
189940724
189937790
186267241
176550197
172172160
158641027
147920907
146593468
145092605
133162590
126742917
114572265
104935828
104651900
86563909
77112147
74341297
58955914
58711526
42686983
13099517
10227722
2987219
715595
276583969
276506936
275320836
273165484
272106953
260811369
252456572
251769247
248755023
217173430
198800723
195962741
194960733
190826579
189597299
186286177
184468967
179063936
170352966
161383835
160488837
151597178
148697900
145288031
114046586
111271075
111059121
109262756
105375429
105356995
95090728
76056397
73521481
68392329
58168943
48364403
19913961
2612871
1362559
1008787
276583961
276408275
275972360
275025274
274940704
274458938
273401813
271631013
271518947
253366281
249875509
198197156
196411152
194958658
192949122
183539219
179728054
169640937
158868244
146272042
112814680
93328168
83397956
77330632
73166878
60201076
58397041
44911510
32802803
32218973
22881835
11368965
10866305
10671294
7982626
4439901
746830
580314
531119
338910