242778439
205081199
204038070
194500873
188377253
178029300
178027547
150615727
145763594
145763569
143960604
143838450
137946676
137941919
134441706
113403111
106390176
105985711
101660316
97894870
92817188
74853731
70841244
68427641
59084567
56510780
54687717
52469205
48658720
42194457
37156749
33630695
27733854
21754311
13246837
7804969
7803174
7802880
7799222
7796951
274960887
221267660
204190122
204039338
204038971
196207773
192880293
183037703
177929229
177896565
176074126
176073859
176072893
176071877
175843845
161523242
161522862
150150734
145092650
144367849
143829162
137831158
127461281
106391798
106107764
97927216
78503804
74494910
70203275
68428513
52318485
52145833
51104756
41563695
41181982
37769268
25058248
12114573
10597090
8677130
275024600
244170573
207184674
196549684
185169212
185024795
184475930
178028585
176073667
165706461
161523095
151951218
145395221
145167618
106392741
106391733
104717961
104559421
93275231
91474188
87451745
82412659
73753269
72837335
66682091
66681107
62216290
59460545
57137196
55805885
46289675
35273142
32910830
32786036
28631184
15940723
15519526
13629677
10573342
6448591
276456048
273682629
272306325
271556954
271012889
271003379
270267544
249262734
229696872
216203382
212489482
206134133
205757059
204212145
184317339
178028601
144355714
140168431
133039692
111039158
107338668
106393508
106390688
106390658
96911994
80018857
78282312
74744560
59263751
58324319
58098394
56611852
56113733
55982120
52146516
46242612
23473734
23250421
22976410
13816069
271330812
262732586
208645385
199977081
198569334
190181201
186590679
184475923
178029964
177488107
169577869
150602678
145763567
143839272
135897574
134412128
117006925
114673118
110868875
97902261
90719344
90576435
84750921
68785171
66485690
56074911
55725530
54925075
52655283
52249680
51373068
46242432
37012811
29138413
25059503
20102436
17898514
17010183
12737657
10787668
276392644
275894043
274936493
273114494
253109908
252632376
248901461
208645088
208644838
201282396
199007435
188482266
178030155
178030015
178028235
177783809
176073123
153066111
145763559
144321607
137753414
137751880
132701877
111695904
106393775
106392676
106149876
97902357
82877750
82412853
73878413
67173628
64038554
58298986
52064256
46629197
26318814
25058705
10603374
7809362
275347598
193773836
190482192
184499928
182112726
179438678
161523391
150213047
144366976
137836531
130787676
118787623
112084937
111449367
111306433
110789392
106966720
106394081
106393440
105219280
104918357
102143192
102143155
97899787
89878871
89878736
82832880
76778543
76510350
72292517
72135186
66174445
65956097
58047528
56347059
55611004
54900013
41354143
32492139
21471019
253185542
225947051
196207305
186090221
184475904
176072099
176071848
176071770
169191216
161522894
154180847
153470235
150205193
135348102
129346979
115719867
114912009
111041041
106390876
104854216
82874965
82412738
82412636
77719604
70120675
63626604
54877359
54717885
52060568
49757458
48033728
48027955
46651646
42788270
41556614
16931764
12960322
7801790
3899543
2792001
274525195
274417386
272123890
253097509
190623745
190516241
178030256
178028099
178027887
176073994
176071962
172631252
170496556
164446865
161897244
160419283
154224342
136367993
116904410
108083618
106396243
106393638
102143096
102122063
84450667
81319726
76292816
74301311
74011968
72093668
66524417
58530502
58311532
56611061
46301639
35507445
33033766
15420686
6187133
4898407
188482535
188482223
184410025
184096918
182744755
179545515
176073854
171476365
161523475
154314120
149520845
146845655
145763626
137828305
136007899
134670126
118787616
111911041
106390917
106390188
105803816
102142756
99427357
95986590
95285230
92817327
89878697
75551211
73822427
73501946
72006539
66511294
56027057
52618723
52432630
52319751
49950511
23286510
10588582
8556811
275950958
275193999
274866257
274116474
270753733
249683978
243095146
219144705
208645303
193006758
189441842
186090055
184475889
178030826
178028912
177782497
176074047
176071758
161523505
155925409
112548864
107480536
105175057
102143002
88998854
74027211
56994124
56107956
54859508
52468904
52003160
48391437
48100805
46688394
45816241
45117299
32786009
32079760
28730086
11396007
273521943
272401823
262733131
248426957
206637510
205550381
204282368
196703420
190602088
185791240
178030964
178030651
176073973
176073390
168872083
167879267
157510609
153471379
136818299
106393314
106391981
94517970
92957153
84597743
72536589
68234937
56742475
55883983
53217776
41225938
32785995
23290331
19716288
16212569
8835542
5758459
5569315
2528573
1812163
902880
274865545
272744656
272042529
270999954
253097016
248428642
243089689
229697147
194570978
178950126
178029061
176692593
176467233
176224263
176073070
161522785
117028483
112103385
106392036
106390639
90691638
84656848
82921772
73121355
66604091
58502029
56999925
55118590
52339886
44295045
41501710
29257861
28618823
21054933
21010882
19744203
13630009
12274430
11405385
2076591
275067875
272124558
270481547
263765122
262454645
253317444
229697075
208411953
201252659
199932294
196703010
196092518
178780299
164091606
161225861
154225373
150145253
147729250
130787596
127058169
114971017
107959904
106390205
92817522
84842838
63312427
58799754
54815750
51468134
43899821
41062678
35613215
35525127
28622386
21608473
20206600
19258000
11411915
8548760
5369673
276381033
275764476
272148114
269902634
222298631
196055038
188378647
169191219
161523086
157521908
147855067
129347368
128913780
117002624
115101981
114855454
113769207
111039388
106393885
106390113
106085512
99909746
94904728
93018521
89993203
86381122
82922008
74953170
74037314
72943248
72744882
72690115
69640954
58295758
51555287
45845517
41154120
27183627
15308102
1371991
204957393
196068464
193773828
190300393
186638895
183910754
178028408
178027964
178027582
174383050
169191227
160424898
157713880
144084918
129566753
120169092
113256752
111696638
106391314
106390460
85272993
84236816
79582066
79245524
78045454
71987083
58901480
57734929
53973310
52136286
42551668
41168681
37139753
36372643
20917979
11405397
11405389
11405387
10920799
10282427
190515934
184475913
183701118
177782750
162388038
157417398
134582783
122604581
116141347
110709360
108907881
106393307
106391381
104797303
104412162
101660130
99910978
99904760
97903859
89879277
89878808
89878691
87665866
86897268
83003273
73222724
72746331
68463376
64786262
58410483
56383050
54101095
52408622
32691638
32137264
26611705
14035390
13898678
7169023
6454421
274535107
274505723
271587848
204962698
193773824
181144977
178029683
178029231
178027639
172154180
159730191
159298167
150227852
147344123
134677518
130014524
129453808
116142155
110979025
110978903
106393753
106393684
104158724
102758155
97362205
91440691
89879353
66609998
64756714
64022115
52578213
52148677
50200888
46710492
45404380
32141864
20708322
17896906
17884235
8061519
276640745
275203750
274504009
263899272
263266377
189590390
176504898
176072237
171154445
150977032
137938136
133210410
121244054
120036464
114595314
113407767
110979170
106391315
106055282
102143004
102142443
101660008
90403082
84594233
73172802
68347055
67332965
66611124
66591120
59383817
58451686
58244051
55468694
47994710
46730852
46717935
45814396
14975474
13403838
12276925
182603379
180105022
177787632
173426064
161522816
159730187
158594762
150887439
145658007
102602552
102142457
89878771
89854650
76086746
75728547
73333316
68355376
68081563
64799522
56209259
55014646
54846498
54751825
53973989
46717543
46336972
42194820
26449087
25935733
25059174
19728992
19557897
19275615
16875010
15801394
12114220
11203699
9346857
7436949
2571145
242106273
213706908
194498823
192909331
177084887
176073658
168232230
157553955
157507209
154180162
143362764
138674692
107283262
102131956
99448417
89878687
89878685
78490232
74952724
74006823
72555240
68298067
67136796
58059223
54856711
51852914
46630415
44045478
42562858
41345959
40398326
36014644
31711173
25746334
25056696
17455488
11193289
3965985
2869891
1816737
276567894
275764043
274598199
273680010
260939911
196468319
196207789
190551312
184475961
184093800
178030674
178028832
176224253
158170185
149470648
120169237
114596869
110650988
106393246
106104908
104917462
102142900
101660287
101660100
92816303
89878721
83196213
74255809
74234330
73914995
56902796
54842041
49631712
48012343
27836971
15421345
13118363
11122751
8692345
902784
275764126
271496895
271419099
270702764
269966075
253093127
214233619
208645522
208645115
196427090
176732400
176072648
169310767
154180794
135326492
122437794
116902871
114898832
110979207
110979013
110978960
109905220
106394182
106391928
93659737
89879366
73983505
68571433
68025108
66607423
59460651
56810911
53038841
49860554
48034038
46553547
26352876
25964607
25307705
20756201
273365658
253092445
242990260
196207382
192454876
192409656
177976172
176073182
174024881
149537125
141260296
132709062
129347234
120036383
106394555
99910925
86151865
78046875
78044487
72040441
70120717
59505357
57066587
56999380
56421817
56115753
55657601
48116790
47989993
46630789
41373118
41343132
21035473
20325862
15067838
14440009
14423061
11872468
7990947
1812215
274501639
273303827
196860196
196207219
196057218
179999716
178027740
173589479
138747218
114730722
110793252
106392561
106390377
106303089
104918790
93138100
90576026
77679159
74746450
68345710
67545906
59265872
58459904
51835172
51041308
50297438
48026630
46824045
46106205
41332486
41163874
26461897
25900799
20362833
17594165
14437749
11384785
10227282
8569135
2285039
273984977
273550174
273363499
251583362
243059310
196201576
193774002
178302304
176072376
173084697
172083337
170373205
167120148
155266787
135056197
129458793
127377751
103343531
100000993
89879397
89878833
82412758
75763740
73123384
69749016
66118546
60111154
59430997
53974059
52136047
50385714
48288576
46620750
34527100
27950599
22939580
21030524
20818719
20061812
11279807
276583236
275400866
275307962
274498869
272123027
253098501
251096216
249307790
196960790
191516471
188866791
183701105
174003379
171791622
160186411
157517167
148749586
129754460
129407188
111963444
109570648
106393445
104721302
103775406
89879018
82921826
74896797
74299917
74256249
66186909
63648336
53973500
51041249
44989566
32158818
20547411
17304230
9881903
9826856
4096903
276238073
273682725
271587863
262701169
229697149
217288079
213701664
207838948
197853374
197792632
194430997
193773967
181215472
176742982
169594341
154180277
150200405
149495852
139207507
115102771
110979406
110978776
106394091
103508616
93067776
91390936
82923149
74795025
74750704
72038882
70663549
59383916
58329176
52432953
52063696
24374489
21423173
13443032
9850709
8059464
276500623
274402299
271233998
266413275
253098741
251404255
199007638
193878943
193013549
189591859
161522918
157540121
110979577
106604332
104553063
104247684
102142737
94937049
87827000
85675314
83777770
74306401
73858950
73746868
67991066
63958074
58358804
55781255
55468416
54739537
53873115
48324374
44123568
43922121
24597332
13895708
10790790
10776175
5555953
1816633
253622031
253308158
253194295
206622209
194583195
185692527
177497244
176505874
176073617
174024866
163865808
157511293
154181295
154180352
151902688
138821597
136540455
129564126
114597668
113397420
110979005
91245585
86990697
75815653
74283249
72095740
69753330
54897364
51654599
50273788
46720757
42789421
41234275
19379679
12402345
11498624
11385572
10933532
10750872
1385505
263953973
248445615
216210353
206127045
194470285
190290656
185966421
176074165
153984301
149759777
144208726
143115876
116141798
109263903
108495400
107035760
106394279
93143512
87909056
87828508
82941190
77516430
74983831
66686102
66674094
56748824
55962206
51852604
48116796
48116768
32912338
29253943
27976348
26434304
15662471
12396366
12269920
11597659
10327519
8057179
276086019
273817491
270906894
270540485
263643815
253152569
252857646
204337607
196068635
195981555
191806286
188846953
174025294
163511816
130393090
119672637
116203605
110979318
110979001
106391195
106390264
100896458
84450624
73983989
73940615
73857327
73794278
66673087
66672947
66672629
57956288
57812123
51041285
48116817
46821712
27613603
26143398
17460909
10933199
4269519
276582724
275904378
275856751
274356589
273817034
273585233
273540161
272915916
241364223
239711508
217438313
198584527
196199244
196068591
193054491
191805163
178608920
174365392
174025316
167496006
162053301
137651965
136364053
114537949
111121473
111039352
110978789
106391936
95565411
93222376
91325146
78044739
74012046
48116774
36661778
20911861
20779252
13448980
11593276
11396003
275903572
273554921
272234498
270217025
263695522
248456581
213706074
213703923
208644589
202047733
198526519
192986103
192986067
192545157
185776310
178030703
177895857
174824464
169363131
161522868
130633347
116754198
112550238
110978765
99909145
74749925
66674129
59482819
59119261
57440611
56219953
50576903
49115960
48116799
47971421
46602757
41379379
17307344
16551024
11405393
276233279
273816022
269888785
253241568
198617992
198558902
195970257
193584510
192706366
185910067
182091651
180104227
176074518
176072190
171791614
157600300
153261027
108229793
106391774
104407055
77579965
72685334
72007237
66580146
58494322
58460113
57775827
52356552
52348046
52347607
49764637
41152371
37015575
31709465
19625893
16419966
11546881
11442107
10565534
7036803
276434527
193773834
188654892
183701110
174247862
158007895
155788680
153921818
144365757
138602182
130393025
118280859
108262738
106393714
106393324
99907049
99907015
96306797
87055404
85668763
82412819
79572598
74539155
74496391
73752844
56536537
52592108
52409890
52065003
46709820
37014145
32045934
28664564
24482834
22437111
19744323
19615161
17306747
16874666
16393150
273042139
249947043
207168824
196462001
196333334
192706522
187370589
187201473
184648001
176074228
176072582
161522981
154180630
143115900
128336438
116452389
110979602
106605331
106392052
104918782
102757733
84452139
74627629
74501282
73124488
72758369
66391689
58868136
56766369
53330111
49776006
42786475
42446374
41238012
21259297
16465563
15315401
15050908
8306487
2643395
275858094
215206049
208411972
206635740
206239997
203973588
203214526
192411455
191123275
183719638
178028652
176074535
172487740
170338332
167015927
154179931
139106571
136011680
110176090
103513501
98118076
95520132
89879364
89878508
66226875
64261247
63824507
58134972
56091924
54803097
52347811
50565480
35610505
35547618
31139636
31135407
23398830
22380443
20112768
14301319
274455154
273814788
260931843
249288616
192689845
188377256
184417199
179545954
176072560
173904558
159730193
158018779
155147359
155115323
144584821
127860454
127785038
127219096
122491987
113644122
111039435
101660010
89879349
87093899
86993952
73988364
73579836
58299829
58068704
55738708
55387151
49632611
49005554
46745309
32137387
32088075
21464691
16926579
12279696
8061543
273983297
260231310
254206606
247427543
244174048
196158447
195104995
187188418
176460740
176071927
171625495
166644356
162571934
154181394
154180930
153547493
144191864
139106980
138375047
117973835
110478127
109390669
106390841
102142885
99870574
80439471
76400040
73422177
72536112
69764763
57451377
56748168
56074898
41374259
22635603
19810267
16654170
2436491
2425689
1040824
274524122
271042483
270761393
194784091
189441957
188654864
187063529
186146812
186069356
176067533
174918827
174248129
171541599
170283534
147796030
139061883
127808111
107048058
102142665
102142631
84759965
80737032
79565477
78045326
65384695
57438740
57136721
54899306
52147622
48757365
41789178
32085989
31707205
26230723
25928274
21030784
11442101
11310490
10683637
10332708
276408522
275308088
271435476
271420526
253363310
243310993
242090766
217144446
200671448
193900464
191270106
186176304
176855015
176073326
176072177
160996830
138777213
136543947
129347736
127567569
117400617
107371000
102758347
101660271
100265890
100032599
89878497
86094905
72603628
63881858
57128478
56229492
41436418
38645201
36590242
36551068
13441115
12199431
5966677
1812211
276110432
275749275
204282385
197798432
196873208
194584171
194449182
185225491
152378057
146826326
127558248
121244273
114644099
105531563
102757999
100128756
99911621
92984745
86541137
84732020
84594356
79947146
78045332
74496869
74447787
58495205
58410770
58299215
58049412
57995376
56995295
55852830
52136237
44045501
43043840
26337936
24896359
21615394
7962938
3553487
275274823
274501692
274365519
273867125
272374835
249307008
247666480
205943398
197798426
196333000
193095264
189587846
185227506
177643008
176074309
174546297
150350885
142719402
134409077
102143305
92099878
88798681
84759559
60194267
58046576
56218955
56100185
55521000
53989691
48886094
38329279
28924560
26500705
25936936
25433440
20588509
19769587
17967894
10311864
6522901
276024280
274535076
274501912
274501576
273680018
271587837
206596115
190551745
188654880
184419499
178028632
176219769
172181808
171791601
171538544
166014323
165984640
154181048
149919061
120036016
111038027
106604530
106390567
104594094
99713483
84698481
74158796
73948189
73791306
73288723
70719692
62348087
59460499
46338576
25883195
19365924
15285656
10565942
1812059
484327
274866435
274524252
251407298
204204861
194965206
191315925
188785720
188542219
176072992
173971981
154179841
153470912
143615581
139010252
138954838
126812306
125672615
110251367
107896418
107761995
102824818
102143044
100218477
87621644
78044514
53980061
46750466
46108223
38067750
28921808
27958323
27589594
26471643
25884932
25813007
25061926
16313105
14081632
8714667
7805205
273680100
271426675
263326011
247290093
242090651
208411904
198569215
192679577
192275955
189676848
183271705
182449962
180531045
178029232
178028334
149847254
129347744
102630284
101848600
95923281
92850979
92084831
91089739
81396231
77625784
77094986
76399445
68339117
58796386
53049092
46614322
45123525
40412767
32928459
32056837
28139944
16425484
15280738
8580865
1040784
275945097
274747404
273967367
272165397
262295333
253152894
242347598
205692510
196962374
195107167
176504922
171171038
136366840
129346945
110979606
106393955
106393408
91935220
88979649
87055136
75486253
75413569
73822408
73580830
68292794
68237610
66531347
58122448
57970658
54752945
45831368
22939004
21712999
16520508
15464328
15055105
13288934
12285786
902832
459036
273982022
271064698
262083126
242783557
193012108
192986084
189020006
186638903
183720581
147369463
139478724
125291053
110979079
110978852
106078420
94904921
93969308
92809326
89951726
85660352
72687956
72203781
72095605
59256972
57808868
56257867
56047848
54846480
50483842
48034535
46740878
41318293
37941602
21711615
21023199
20112631
12110222
11419539
4898377
2372381
274499757
274499661
271128731
208192847
196332808
196207230
195257606
189680960
186143890
185921271
176071891
160799955
125790481
113340723
113249385
110979623
110979509
110979263
109915344
106393881
105182384
102143236
84547076
79546490
75592876
75442570
70121133
69645318
69640768
57855758
56814823
42049436
37522524
26671820
16652917
16618600
10771733
9992276
6972315
1409321