272225332
262075509
249683120
243300434
192128365
191820415
191490265
190860890
190845667
185991219
184491427
183531122
175425259
174661875
155495937
138556972
125290044
125037676
124966188
110182282
109483831
103079576
95446218
93151621
83677957
82372883
75645911
75418303
74926237
72673634
58563135
50677239
49076743
48256263
15816508
8564318
7763050
2000411
2000311
910662
261973996
244316262
200853184
198224201
193607571
189268061
187860014
186580955
184517203
173343742
167443834
164338907
155339755
155339338
155330335
153912766
125289842
122391985
120469883
117401394
116724768
109389766
107366288
102918773
99078225
95004244
89221457
77747266
76687028
76152029
74896948
73775533
68309814
58478574
56029758
51060914
45018395
44336401
8259548
6114005
275106085
273211733
242820836
222665668
193611368
186270968
186210607
181523715
170501923
148850131
148811049
143100393
134222430
130070341
125280023
125256490
125136680
124935591
116726545
115520033
90507801
89176321
88925675
83830072
78950876
77746659
75554891
75319988
73274050
70846687
66721950
58734251
50491493
44325811
25687456
4544965
4544959
2000679
771415
710785
276373403
274665407
274566244
274443629
273852963
272199968
272075842
272059803
259537504
215371146
208018673
208016668
202414665
200035287
198525769
196704803
189641563
185995682
183330035
171038387
143063148
134040370
121334938
112218056
111869000
111537503
107615114
82219487
79691242
77230669
77038094
72093847
67484516
58227879
56345077
49549841
48223908
12134191
5762417
924544
275625709
197879894
195767534
193614818
193106908
192129582
186243889
185946011
184316710
183046677
170523409
166227487
161538053
161368355
158610488
155724187
155340658
155339575
154207423
149969160
146618296
145413858
143789937
121173964
119132514
116785351
108635756
93843376
78946196
59282088
57924770
56404583
56398310
56398019
52528468
51733010
50260943
43872903
13642459
594977
274174093
271436820
270109987
263594614
262458103
219456879
197864356
197150834
196789928
193638928
193413395
185674646
185247814
184123552
178950304
176749882
153495928
153021062
148811481
125149562
124965903
115643255
111868993
100846209
75727517
74863205
67017467
58935735
58810783
58215166
56801124
52877236
51299189
51064454
50263298
49542819
49233464
35588581
19730058
4353345
276287901
275744097
275712041
275592827
275297960
275024024
274951272
274814936
273156397
271063381
252559547
243051030
243046545
221303491
214922009
207807468
204883665
203146939
193104461
190109508
189641771
185644007
177017362
161368235
155495502
148850130
148801985
145394214
144225073
135815742
119989735
58421960
58248292
53347936
21980324
21978503
19729892
10385567
10014247
481730
276035813
275774807
275733435
275029896
274968399
273896411
263892124
252103766
251927116
241819867
203226713
202041721
198995643
193546263
188713962
186767942
186208860
177702331
160693811
153011026
143112945
143112596
136060606
129355668
127210944
119976867
117036103
116296552
102908331
93712433
53104227
52608879
52333333
52195323
35326773
22180357
15444070
10383586
1689019
711402
275801447
275617103
275105698
275030474
274423287
273162055
263581262
251810522
248976407
216453147
204881968
197459903
197046803
196881208
189267895
188714003
170498952
163570697
138668864
135626167
125078612
120469617
111868737
87354662
75728670
74901478
66722001
57983619
56683624
56345302
55926448
52876113
51566434
51299063
51147505
44000845
26612771
11801361
10132275
6893091
275611410
275271644
273134777
262523630
259479865
254188884
253111686
251982251
251451991
203199337
202770665
198303143
193104706
193087601
190858886
189641639
186209971
182726124
149521455
126039327
125138773
111868714
103047087
93842772
90519788
77033168
75417728
69691715
58563589
54902648
54420877
52179955
50490304
49494526
19922173
13645401
13420442
10761949
2000321
481737
276304276
275480634
275121868
274666086
274666062
273899100
273433376
270694244
263588985
219432487
217540523
214507235
212950889
208013406
204031843
198520241
197538668
193891511
186254950
183363493
177057064
176070596
174382609
173652490
152868978
148850126
143463346
111868834
56691974
45019445
44146712
40722292
34537526
21560454
11684621
10385556
3937509
771480
771471
710997
276557578
276232404
275991186
275576464
274666083
273899637
273358666
273268749
270550207
258122882
254206483
200520305
193004750
192378540
189541401
185603090
183348114
173878953
173660344
161452225
161266624
153979014
143893477
143091556
131882844
113208824
110098827
107885079
74793752
59361413
58255618
54902408
54901081
52602200
52478995
43694433
34632931
20366782
11720488
924532
275840244
275652575
274947765
274720053
274665980
274067710
273902694
273587768
272117305
272061508
272001765
263692123
263368852
254347539
253111810
251763111
193143209
191044555
188714006
177929234
177012500
165586359
152803631
149521232
143819468
143112493
120035293
119989961
108850884
103560049
103071806
77741652
53791864
53791119
51334896
44014184
32841654
31502014
15183866
13642424
275505253
275245219
274755036
274666094
274174121
273189192
273136100
263697178
263328420
252588541
243146016
215450385
208022339
206691442
199650081
193395247
173879495
173657848
164222909
163866534
159631049
157422441
155530131
155145256
143063632
143062288
133775941
113760273
75948807
73811604
72752345
57939413
53282253
44179671
44011247
39186523
26613767
21979554
9803160
2000351
276438806
275991160
275765206
275741764
275619681
275611376
275225011
274666092
274613815
273899377
272189566
271959259
253376526
247437471
230079477
219453468
217641663
214887642
204883486
204431819
203147311
201058682
190171393
174315938
163281652
161860978
153006331
128275778
127604927
120657405
96027817
82121962
77040654
76076076
53771061
47992489
13423484
2210041
2000489
847441
276288157
275689383
275491779
275238767
275037209
274604141
273702120
270989413
270197673
263455774
263394099
263368407
244305461
204877685
200677556
198627307
198587282
193044239
192641866
188714057
184081022
183078274
182462842
178112095
169003932
164697641
157423667
155062062
152705131
136313446
120035918
112550390
94486114
70667421
70074530
31501182
23433592
21979368
12400068
2000467
276304280
275915884
274713171
274713126
274407751
273869400
273269405
273261246
272850066
270186163
263318055
254188604
254123805
251254026
248449905
215546038
215300203
204957937
204615624
203784301
189533658
149765324
148850134
143112445
143063357
127654591
120036175
119443548
111868872
74886733
72747302
55454689
50514468
50090850
32458722
10230755
5977419
2008895
2000497
2000363
275689108
275121837
275105852
275024306
274407881
272782672
272219155
272074795
269356142
257935552
254874885
249729745
217270841
204875057
200729023
200686834
199950852
195757042
188713898
186208710
177925191
173657768
164435864
161409156
153979030
153978872
145780296
133900660
120035672
96027060
72093499
56683761
51252639
48872659
45293664
20349982
17029468
2008897
2000409
2000333
275859307
275604704
275121854
275121842
275016517
273266459
272353263
272076738
263401842
263395467
261972505
259535067
247887067
217540928
208395919
207806170
205414448
202344015
197346689
192122688
188714043
187512169
149970506
143112819
126901993
125097857
120036437
112549741
85558668
76193868
73791186
70437123
55461600
52007745
50028638
43694558
25688534
25688024
19921227
2000683
276392217
275605064
275414631
275407096
274534772
273896270
272073601
271136925
270703645
269355293
263338618
252294503
249612912
242617884
202403471
197656390
195127457
193582810
191495039
190858897
181561656
151798450
151483902
145748036
141515183
120500136
102905124
87367965
77560504
74886398
61305963
58223048
54845401
54836661
52173167
44324447
22176311
16256081
13436994
771416
275991273
275568424
275534654
274666038
273896341
273591288
272842529
272555246
271487101
270115970
259481524
202817149
197628823
196726676
188713945
187443969
163833463
163552478
143861209
143112795
131887001
129306153
127634706
125181251
120499963
102966548
95225257
82121099
59358594
57273806
54645206
52007749
13670375
13645245
13417998
10230744
6891781
5977459
2000371
1689017
276624692
276287873
275765597
275738143
275719134
275607506
275210932
275210854
274951857
274593475
273897096
272792490
272263696
269355690
249890825
248676443
239381178
205315465
203783329
202383333
186582330
165961866
163562728
153012174
144193312
143700893
127594754
120538393
120500032
120035224
119989885
111868843
109816654
82121783
48515110
44003444
28290711
6829741
4816673
809523
276461582
276021347
275599128
275105996
274020770
273870704
273463963
272076864
269355847
269300351
263949465
255763034
251775338
249750337
248759762
225952651
216924727
216459191
212111879
208917500
202395333
197213233
193004984
182461440
177933097
170497250
143112906
128515003
120499993
118124155
116296299
97551097
76748874
58439803
56737619
49369287
44326363
15173759
1940551
481253
276089776
275769974
274968194
274954028
274713073
274666085
274443941
273246959
273231092
263326435
261988277
257935574
257935522
249570780
208890228
199519851
198353898
193038900
183078734
182305914
173661231
173654157
163552792
141953788
136095594
120499904
120499883
119989967
119989940
119723000
116296424
72747500
61286068
52662192
52608888
25691720
23226474
21979313
5762403
2000523
276108351
275452754
275238765
274666059
274607512
274511426
274365798
274163421
272836905
271472791
270184673
262877761
262699412
258805703
249748731
215210397
204987019
199991615
189420150
187452413
185655954
148850139
148808284
143868026
131498031
130844238
120500043
120068104
119989772
113273139
111868769
73314407
52608908
50419887
14038774
5977463
2209841
2000465
2000403
481722
276623015
276567201
276274806
276274011
274666039
274423229
274017067
273407494
273266880
271436796
271137089
207356609
205905551
202817060
202332396
198268824
197626711
197605880
183360890
173660700
163824754
158172394
157072971
143714265
143701597
119989899
119989762
113208935
102949778
73453908
61292751
58472895
52608894
45882396
44324918
15228971
5977421
2000675
2000329
809447
274932359
274713163
274666047
274424970
274407779
274017275
273915686
273450570
272222399
271588708
270694206
263326545
263276112
257935596
254896302
217383979
205109324
204988917
203228004
201892055
198518859
198227376
193772250
193570136
183343470
183319240
175798741
174531721
173088400
120500134
120068189
111868735
109815854
52608860
25691525
10063878
4353501
2008967
1825279
481767
276557585
276458986
275611466
274423906
274373805
274300982
273747017
273262206
263311411
258379529
248887572
215373719
210155944
205040378
204745928
204621567
201914027
197883078
195949123
173805916
163557116
160067145
157071767
148810221
143845058
143693164
143384978
137796500
130070007
113168817
97251220
89837896
72752867
69078452
49208819
43920622
21980122
2000483
2000453
1073556
276843053
276438221
275711310
275599531
275413010
275271476
274926963
273512789
272739364
272555214
271887337
262465454
261988663
254123674
225958900
205521174
204464028
198327876
198270971
188713899
188017981
178033161
175576211
163572486
163170097
148850138
134513406
134236378
120510110
119989892
119989889
119989696
72840086
72751688
57657395
49100365
45293508
38119766
10768814
4207787
276304255
276103787
275592599
275407315
275286376
275275376
275029764
274613544
273245702
271964077
270968905
270213871
262336629
262029680
253311494
215546044
205367860
204987609
203558431
201927295
201874620
186267701
186209258
183363750
160779361
139490700
136059937
134503167
133039253
126873809
120500310
119790945
96032830
71178766
58911180
48026503
44044210
32845912
32172674
25058319
276249238
275848162
275151096
274713105
274666042
274173854
274104596
273870471
273869030
270794679
255464454
208010283
207809444
205279835
205001110
203064793
199946146
198241165
188714050
185843194
184696332
161427406
144193214
143709238
130823840
127554001
125772079
120657714
120538376
120500223
120500041
111869039
111868963
96236247
55484831
21981476
21024849
2209833
2000471
481258
276461414
276461073
276303842
276067210
275738833
275526101
275409296
275229071
274968431
274184022
274173991
273963019
273899224
273384864
273061833
271235224
270319301
269355964
252099908
242423682
199544916
197628081
178313418
177776781
143914153
143845361
143101197
120500186
120499981
89944644
73274241
65926772
52608862
36377440
23518518
13453017
2000671
2000349
1928745
498076
277381650
277381411
275607523
274713046
273899605
273818918
271436819
270883684
262877874
257935582
250192107
230202802
214617996
208413873
207356252
207354958
205632627
205001068
197883132
190171506
189620573
178534085
167016023
146286543
143911659
143861665
143113036
141955540
120500110
119644505
112554152
80491975
75616814
58732889
58214240
44012728
43874609
2000627
2000415
2000379
277451406
277359911
277347182
276779830
276635200
276067137
275764940
274968175
274573280
273869784
271625674
270958951
263801508
254124208
247666300
203558497
203504609
199991811
193006640
191986190
175573951
157840031
149797920
143855898
143845077
143684527
137946246
132832030
130826158
120500143
119989818
116971464
53776954
52608902
26153804
13668124
12379910
7199323
2008927
2000469
277465839
277375812
277015790
276863275
276863111
276838164
275761134
275599211
274847801
274595747
274566755
274423306
272450133
271956883
270883509
270694161
269844031
269355666
257935616
257935560
207920164
205414999
205218646
200038045
183363571
176062151
143778862
90474006
77777442
73314138
72033723
38050388
21125761
5977579
2000651
2000575
2000499
2000481
2000449
2000319
277346085
276824312
275913340
275764021
275121873
274666078
274567514
274349015
273825652
273775997
273594886
273347958
273303202
251071755
204954446
201936221
199522638
198272273
185647824
183355127
173655549
173654411
143113486
142812902
131908511
130829472
120499873
119989782
119989759
119989713
72759013
72130893
51998325
21132842
3887599
2008915
2008911
2000645
2000509
2000505
277453296
277374737
277345812
276826311
275614842
275613625
275455052
274797568
274545678
274453292
273870491
272362046
271090751
270885295
263569962
254117600
241816882
217293030
202413073
201934930
201930496
199530843
199519351
198326036
198245843
184124471
177056746
155061726
152870830
142811093
142783389
122911181
120500230
120499780
119989965
119989939
114125242
107769006
74292184
52608901
277378426
276863236
276863162
276863034
276808115
276807044
274825454
274595617
273393024
273183808
271086705
262582159
257935557
257935531
247705760
217426352
204112621
201926405
199264174
198335066
193970402
183079588
170782484
143867825
120499925
120499851
119989927
119989922
119989868
119989841
119989760
119989724
119931391
73294246
48514463
40898311
12111008
2000495
2000473
1734607
277501956
277478734
277346851
276863050
276808138
276755754
275105675
274595460
274443337
274423334
274359663
273894453
271474133
257935604
257935584
230043463
205279843
204731887
201058685
199530588
193038875
174400581
163561612
157076117
143844185
142807812
127604836
120500262
119365735
114139473
111868921
108850264
57909313
56659085
21981111
15421520
4331091
2000475
2000421
1356919
277505490
277381569
277381156
277381099
277380978
277369251
275719053
274967722
274713042
274407837
272222179
271136871
260914557
257935612
257935610
257935592
257935566
257935564
257935541
249743040
204887938
201968492
196759390
194021931
192691676
174809886
173661107
143897184
143857826
143715455
120499843
119989765
115477606
73533800
72925964
66587594
36390534
5977581
5977577
2000423
277395943
277372931
276863112
276415066
275751659
275405656
274607333
274595508
274323730
271487121
271264851
263700724
263580606
263035506
257935594
216925335
214504084
208197017
204962654
204958319
203227945
201932928
198254673
195966505
193567475
192130009
191420611
173661176
143885325
143857603
143786975
143694792
134526537
130829511
127633321
110125788
51299303
12302486
12301313
4353437
277522434
277511714
277466556
276863217
276852012
275991707
274407769
269252889
269092443
263594744
263571120
263445903
263366686
263309401
243098997
221225876
204989342
195972117
189630497
189491562
185646564
180995284
143868197
143867167
143862333
131496727
130828621
120499954
119989689
111868739
96222011
74462370
73497338
36397303
5977469
2677803
2008947
2000673
2000389
2000355
277362364
276863441
275739783
275736816
275708117
275618553
275354182
275121852
275032669
274951372
274779167
271959100
270625708
260817935
257935576
257935554
252588523
217539647
214727696
205584273
205523015
204883377
204464459
201918472
198127333
143906237
136095559
120500301
120068153
94486810
50419585
42083942
21977858
15226964
3937511
2000685
2000491
2000455
2000419
2000383
277344047
276863087
276609410
275228445
274952237
274713045
274607573
274458107
274423231
273512172
273399569
263950065
262877754
254077207
216118395
214662181
203505732
202330134
201853851
198521289
197685520
193044108
191420664
171307922
163577559
143112864
130853763
120499781
119989954
119989737
119989712
119989686
79937920
77037678
42083947
5977477
4207965
2008913
2000525
2000375
277480663
276807057
276528026
275745263
274935089
274857148
274713051
274595589
273896998
273870484
273778168
271455754
270860738
263630915
257935536
243100036
219148826
202334930
199992907
199545004
199520207
198944839
198261399
197553973
186350260
183357064
153004899
143847911
143739572
120500265
120500067
120036793
119989849
74862821
26049858
24202807
21977144
2000599
2000521
2000387
277543098
277465257
276863044
276863043
275761379
275739351
275502643
275458662
274936343
274892437
274713043
274374556
274359721
274184000
273253110
270960826
263081187
235735410
217274132
214517688
212111678
208010273
203049920
202466080
200651452
196758281
191973949
186208506
143857688
143787060
143705459
143687618
120500261
120033038
119989775
119943973
59288059
48477163
21981334
21980303
277541766
277466880
277466713
277462210
277460872
277380992
276663893
276287995
276233536
275761967
275740791
274594613
274442924
272039942
272034603
262590423
255611725
246209132
243098812
208186869
206123199
205000936
204887282
203053569
193065906
189491866
185655951
180995355
153978630
151574157
143694370
143116948
120500124
120068207
119985783
102412220
55702248
44044629
4544945
2000513
277345897
276863691
276863465
276863253
275933339
275747382
275283089
275271718
274950470
274928305
274666040
272057256
271453215
270859050
263326396
262690189
257935598
257935578
257935569
257935539
253111702
250069472
249976417
217476279
200862292
192378926
185651773
178515807
178037853
157073829
143872466
143112447
124165921
119989770
77037392
74480311
49194007
48516068
2325825
2000583
277362740
277359973
277043265
276744054
275432022
275121883
275032629
274713152
274713107
274612314
274423310
273385353
263598919
257935562
249568491
249199734
208010252
202817063
201795326
197347191
191320041
173660573
143885600
143861417
143779693
143752483
143113311
127664729
120500239
120068056
120035527
119989729
68601121
49707229
21979605
21976553
2008931
2000559
2000461
2000345
277470064
277464247
277199535
276863710
276863498
276863173
274713068
274713067
274184190
273880979
270188865
262462461
253172056
252586342
252586316
221248939
214636479
214518490
208285686
205914651
205040203
202817157
198240024
192398346
183333316
176507781
143880724
143784219
142811426
140941310
134846237
120035673
119989953
53280099
41664315
41351193
21979116
10712703
3975345
2008949