276060378
275904075
275742123
275435172
274643468
274374104
274175351
274097493
273707036
273388727
247531608
227717719
216435182
208226964
206230674
186650070
178096394
177238136
177169142
176579419
174469000
167647747
160314514
160314200
160224067
159946692
158092292
155287323
147942984
147942317
116388009
104091538
84263039
81363674
79965375
77937135
76448408
73384998
71965924
68626519
275031831
273546713
273394117
216160038
207280555
196603272
196409306
193044379
193005196
192689048
190355521
190320302
176267743
174468945
174468915
172366798
162029783
162024663
160314876
160314703
158815530
153262523
143292607
135321546
117084931
114411570
111868698
108967754
100129513
89135102
84229853
83673067
83609298
82921698
75600848
68349508
68238372
58216140
54430952
8280862
276462046
276354233
276253662
276069550
275043024
270847717
263057600
257779934
255612915
252185174
247865755
219152741
217176247
216336430
207927121
207652768
203583390
200624228
193004204
192064368
185964455
182713607
178302279
177822630
174469089
174445621
161310381
160314787
159725474
152446331
148850128
147832125
90531483
85564320
81322798
77746334
68522324
59101410
56992965
8280980
275151325
274588385
274567277
274363638
274058728
272879276
271487113
271245708
270700537
263515735
243244943
208569326
208227200
207925713
207893584
206662997
203583356
193186934
188713877
184918441
184223381
174468852
173986171
172801348
160315073
160314958
160314387
134666856
113208834
106948689
103660156
97338892
90163542
86134461
80077435
48506730
46647025
46166280
20803932
16100203
276387614
275478084
274393846
274359137
270658748
259479694
255295657
252099917
248878233
195971660
193548578
192568045
192559833
191775236
190755891
190170113
188940966
185955256
177187685
174468691
167650547
164197015
160315233
160314770
160314545
160058433
147942468
147942365
147941995
147941879
145978003
138543600
97707630
90529784
89119829
73748499
56993030
53934661
42088903
31911289
276344037
276059104
275829936
275707404
275140420
274595838
274507003
274108831
273894677
273631504
273385489
272209469
271158239
263696207
263679981
262516198
262388922
217728396
216916373
215901078
213891365
207982930
206237827
204463536
195126785
193386654
186136281
186133963
183343138
160315147
160314996
160314871
160314183
128568924
108239781
90163531
71176855
67613416
55481753
5003273
276671670
276304418
275991843
275792254
275757217
275615027
274870182
274175279
274170739
274067070
274052712
273786114
271915530
270239272
262876989
211946959
207311568
204723919
198883501
198511611
192579893
192031857
184859332
183913630
183692171
176842819
174468742
174445639
171668670
160315146
160314695
147942793
112086372
109479028
108696888
81499508
74026612
72555403
53769045
44573057
276327916
276242324
275819304
275671403
275153056
274943051
274825408
274377951
273457434
271301693
271293717
269137714
263800227
258848679
253070187
252296384
249114725
247942511
243087346
202878752
199593588
198764566
187588694
183566596
182805698
174468832
174468582
160314370
160314163
157213359
147943335
143112660
128857429
74463160
72098593
68553531
54840715
40750699
20446571
5003059
276069438
276058573
275947397
275583855
275271540
275243675
275226742
275140954
275053182
273794180
272243344
272032577
272031873
270769543
270242780
263972666
253189664
253182210
251540681
249309636
216168839
205366323
204057189
203897907
200762492
199166005
183736392
183507101
180994096
160314487
160313976
147941796
72008110
71178456
45324029
12482159
11506821
8280638
8280243
1995337
276524825
276375505
276068195
275991314
275830037
275791436
275765364
275752882
275133407
275042639
274500003
274499924
274189566
273746822
273522956
273399137
271924712
271293522
270472864
263114372
253384522
246145282
224707515
219135157
215201316
205819383
199978511
197162288
190575852
177060582
160314498
147264971
120524824
107709968
75982168
75953993
68210216
57946797
43694647
34680863
276461993
276387882
276122959
276069678
276069623
275915936
275751915
275746597
275724485
275240098
275181845
275064048
275053487
274970571
274940284
274664558
274664465
274102418
273399012
273296993
273080764
271265875
263057806
262800445
230086547
202330318
184914089
168356847
167599223
160315171
160314394
133775928
120035497
105618769
102576041
85564887
35846531
35845564
27561803
26329162
276491104
276344341
276229795
276146390
276088080
275914997
275814186
275732571
275637699
275194495
275118926
274943587
274664423
273929875
273818367
273472708
273273349
272450641
271870876
270811237
215888435
206991083
206692500
206566705
198995227
192064404
180720275
174531694
174468730
172377943
147942454
143112894
126705832
85977001
43694766
40897415
35936305
23476066
21981311
16684527
276564615
276523300
276497383
276329143
276304460
276304306
276077346
276059175
275815980
275791531
275790399
275723136
275645601
275210873
275197062
275151027
275068123
275060035
275028281
274617519
274175309
274058044
274020716
270172352
263113789
260221553
258820505
247484803
222678624
215898508
214598403
198227962
186483412
160314489
160314401
145555826
142833769
128861996
57173375
52758151
276477336
276147072
276088077
275574930
275484642
275386551
275056917
274918527
274773124
274587982
274500957
274054244
274027195
273663731
273209220
272164412
270772193
270441367
270058101
263278665
260819321
258476758
253389659
246889416
244170100
209390893
193002797
189463255
110818105
108697252
103210516
88826253
85134764
73994855
72869810
49208833
45200839
43694590
20447897
11248591
276439776
276287084
275818254
275132528
274990703
274931423
274774538
274507030
274136604
273650173
273262393
273261863
271555555
270770031
270172057
270058431
253427325
251254168
249574439
248562171
229771682
222678379
221261927
218738616
214614700
213864519
208615901
206661343
204621041
198360512
183339124
173652293
143321975
130439357
120524741
75586753
51066060
43694937
35936786
5803607
276255380
276151495
275991444
275991305
275686782
275386512
275147438
275083158
275053579
274944463
274878749
274507114
274468094
274163466
273952259
272451062
271540955
270812228
270662790
270236929
269958111
262454935
249574615
217339743
209318960
208173623
206652894
204668560
199010728
196233239
85562188
75954702
74892729
71178658
58742659
44143547
43694942
43694796
43694773
35936292
276493048
276287112
275791206
275665049
275276057
274423212
274184662
273962663
273205219
270815037
270684242
269960833
268406927
263293058
263114676
253365461
222655895
221711374
212220012
208587793
195436353
195127224
189683928
188713897
183688206
174469052
160314862
143112703
142898094
126512059
120524458
108698034
101807351
74887030
71727070
52263088
43694474
12135715
2020691
1995287
276654708
276387382
276271374
276256354
275510483
275181771
275134090
275116171
275063520
274592977
274184597
273663817
273507701
273371439
263047633
262076100
261801334
257770429
251254186
219164468
212333789
200651557
198365331
196723416
185055232
160314132
146223397
143113174
120538283
120524902
120033327
120032763
114973547
102115869
71178537
66547986
43694496
31522475
2008981
1995347
276478831
276477543
276446024
275810634
275810563
275756220
275251632
275141599
275060874
274585497
274376715
274184031
274163481
273746696
273405785
273325527
263081142
212966903
206673589
177279678
174531746
167639731
160314148
148843771
147941735
143321669
143302874
143282150
140208804
120525207
116297127
108697079
43694572
21978472
16224835
11226304
2365767
2357197
1995345
498066
276272065
276192456
276087974
276085912
276085687
275875125
275727817
275133977
275053573
275037802
274927071
274184230
274020866
273381033
273325174
273205296
272879375
272340973
272188892
272185202
270811961
269365112
263800048
263292873
253662247
221702523
219152246
206323485
202011073
199041028
188992390
183736833
167736600
157102120
133775455
120524879
103512493
73986014
70719629
43694926
276557602
276356997
276304315
275806772
275113388
274650216
274500077
274376626
274056059
273902638
273793794
273296057
273233601
272044105
271266723
271165199
270181331
270058169
263440169
263293724
201846041
192582186
174531690
174468717
160315096
147941518
120068029
102838323
72639396
67614599
54364258
53782142
40850176
35573460
23588529
12135436
11390468
10765645
5003209
3479869
276287338
276085659
276069664
275665143
275194893
275141376
274940680
274824286
274507101
274358815
274335943
274024152
273600762
273280362
273272495
273129379
272787107
270181016
269958295
263302671
257846460
253182562
246061695
243080552
221842319
202269805
199941154
195480393
195444202
192297855
177158869
147941376
117211058
108697339
71512972
48515383
43694794
40913478
40721535
15230620
276387932
276296816
276152908
276147166
276085811
276084680
275855077
275818694
275763851
275195078
274020775
273836591
273664071
273280874
273254378
272032034
271373626
270236083
262779976
250526158
207810007
206677287
202070729
200649902
188714038
183684098
174468679
168356859
159004219
136060595
126962845
120036450
120036086
85134863
82939446
57050407
51033045
43694980
43694740
11212167
276527388
276523314
276259908
276085798
275874845
275484643
275113339
275047450
275039965
275024106
274942981
274731847
274534827
274500025
274394623
274163402
273363988
273256307
272069393
270646598
263961192
262061716
262060854
251264338
246151141
224888468
206988838
160314294
149312209
147943453
143112861
133782253
117208903
116296460
108697802
108697291
108697045
47164353
25072683
12134983
276461653
276450727
276254477
275991254
275816011
275793965
275762156
275749969
275749266
275596715
275041916
274932269
274643315
274061095
273898862
273786050
273398957
271296041
253432426
253182242
239311730
207356594
193895886
191491308
184414218
177063088
174626748
160314806
160314561
149312200
108697224
66701574
51008577
43694690
43694401
43112378
40976873
31522674
15241609
12133148
276134352
275875004
275810067
275809256
275803448
275764650
275761618
275754168
275750509
275617171
274614658
274584528
274536839
273591020
273281292
273259259
270236654
244170390
208045731
198455739
198424632
191492782
191491308
188713936
168356891
156640040
147978815
143113349
120538354
120504821
113208836
108697861
100121237
75299455
66701574
54899041
54803988
44573051
10230726
2020649
276590575
276527378
276036130
275893009
275819073
274968617
274376710
274358169
274192821
273886931
273457591
273259114
272044174
271322767
271272000
262877412
260919923
216118393
212323799
207958328
207002628
206253229
202259303
200630850
199171891
198419135
185067520
178940879
174531734
167683810
163832348
163577862
130328059
115158131
108697708
54159716
52263021
42409698
36364145
1995221
276375586
276088007
276059121
275939198
275924312
275815864
275798496
275225490
275134199
275041256
274918266
274759812
274657270
274594306
274061444
273906635
273046226
272392062
262072455
198416391
196671405
177092421
176150006
174531663
160315333
145521870
128913643
120068049
120036071
113208909
54983682
44573394
43694597
35846033
20424575
16054555
8281119
2365849
2008991
1995341
276347005
276259688
276148487
276085745
275809992
275765344
275754323
275467078
275286204
275195207
274423187
274403152
273793176
273714341
273281573
273259825
273259401
273254231
271427912
270646516
269959219
262800651
252073799
248740008
201843922
196723485
167684123
143113300
129005425
129004639
119399736
110166182
108696799
82939392
68495322
67623413
58656650
54796488
43694351
43694334
276567277
276287999
276132975
276084707
275813979
275742745
275737314
274500464
274376586
274376516
274183602
273786087
273659799
273399780
272031964
269959123
260919354
252586370
199557161
195245511
192020428
185902139
173983400
173650792
143112837
140917660
130439799
120525206
108697983
108697202
75315857
72038067
72035248
55213221
43694619
43694531
42426459
42406561
29184387
22195106
276477278
276257655
275991143
275751706
275746750
275744520
275270408
275134002
274423189
274358691
273370627
273362874
273362433
273281701
273254509
272466882
271042300
270771038
270214452
270058271
247371623
244316635
207333489
198526046
188713867
160409279
154256588
143113277
143113086
129022268
120032973
117915088
114960926
108696949
85936729
77678678
48514583
11186301
2009089
1995319
276416430
276346611
276254319
275924563
275923588
275749869
274969606
274540842
274173856
274060244
273568773
273405795
273261645
273254636
272876912
271435634
247330454
235545085
206990610
206988066
202962256
198463978
196147406
189897281
186530758
143112639
139468542
120068117
116296734
114306504
113039984
43694833
43694670
43112097
36842078
33786468
20424245
16886390
2020551
2008985
276477337
276254356
276069559
276067964
275830113
275799519
275270268
274108158
273961781
273398994
273254710
272032085
271323373
271235216
200679200
198501503
198424824
159654758
148844892
147941904
143113530
143113482
143113258
133781795
133776024
130548634
120525266
120504814
120068186
120068106
120068045
120036017
120033523
108697249
82939444
59530164
57047588
45659798
43694489
11750346
277365954
277365697
277365630
277365535
277365333
276364402
276286537
276085930
275991189
275511041
274751517
274376593
274175366
274150352
274057524
273899048
273887212
273887198
273573504
273399032
271914056
270625715
260918712
253364437
222655305
205818396
147942698
147941971
143113549
143113297
143112801
120036165
108696982
103168634
93878483
59212115
44573104
35189848
35181060
15230405
277432234
277377860
277370133
277359536
277356149
277356048
277353234
277353196
277353191
277174613
277019826
275815401
275814483
275300492
274500202
273364279
273362941
272876880
249153027
247471648
209319787
199103256
143113143
136332966
120524838
120524578
120504889
120068114
116297791
113208900
72681043
72134517
49195589
43694297
35846503
2020701
2020539
2009233
2009163
1995323
277365423
277364339
277359544
277356084
277327567
276824798
276353977
275939025
275928604
275928602
275874073
275788632
275762773
275746744
274743045
274458110
274423204
274404480
274184702
274184339
273657748
270793024
259513317
206254258
202817119
200677917
199103670
196723233
195444318
143113264
120035588
113208917
113208896
71958543
71160486
44573008
16685836
2020851
2009227
2009149
277489002
277457723
277441434
277441172
277410975
277370098
277352795
275827885
275794744
274183290
272339600
271436233
206320452
206253766
204117014
198450814
196603203
196315042
174531657
167057537
147978819
143113410
143112896
143112422
142874674
142866786
120525078
120524513
120504926
120036300
120036131
119989801
85135005
44573110
44572999
43694759
35181597
19679075
11248504
2020621
277365495
277311006
276839052
276830859
276815485
276796833
276724415
276657663
276493410
276258011
276069447
275819331
275762365
275665078
274944534
274943272
258857897
206653269
204712095
202161214
199554068
198448511
176147957
149312224
143492978
143113373
143112405
120504947
113208996
53447445
53399830
51032800
44006887
43694435
31468897
2365793
2020563
2009219
2009001
2008999
277498552
277489836
277450483
277380194
277377913
277366291
277366126
277365905
277365618
277351388
277281862
275947214
274536897
270848209
270058536
262389176
258861506
258857828
198437090
142907236
120538425
120525164
120504798
120035301
120033708
120033543
120033044
120032963
117726917
44573106
41932258
21981309
21979845
21979515
21979352
2020619
2009215
2009191
2009129
2009047
277543177
277444414
277439229
277384761
277365843
277365779
277365742
277365741
277365650
277365320
277365223
277365079
277365039
277365010
277365008
277174018
277173949
277014495
276928539
276778932
276682310
276486505
276287360
276287233
276098589
275815985
274458114
274423196
273952471
273785758
272032543
270465938
249687803
248727786
240884473
216231906
128857553
120538290
108697452
20447483
277502833
277500504
277361934
277359708
277359326
277351717
276798251
276704140
276434404
275924500
275924469
275817425
274943032
274444404
273324631
258857872
202817061
202154592
202152254
202052137
199122441
198502094
143113642
143113141
142827086
134910512
129024375
120524614
120504855
120033501
40897270
21979764
21030807
2365751
2020657
2020623
2020527
2009193
2009121
1995271
277366171
277353232
277040961
276796844
276743869
276629802
276461591
276381297
276369921
275991385
275924004
275671615
275415010
274186031
273321174
273255822
207819004
207190390
202063734
200678927
200629284
199999510
199270742
182485640
143113537
143112810
120538520
120525315
120035360
120032762
119989705
113208830
72307575
71955771
71907095
51032798
16160487
2361417
2020645
2009109
277444796
277378149
277366377
277365943
277359954
277359664
277347319
277310927
276975926
276830852
276422170
274423206
274184407
273371534
273363951
273273820
273213970
273005022
269960005
253379856
204881782
201081485
199103615
165650794
149312204
143112740
142869486
120538581
120525319
120524880
114973800
72132541
71960299
43694481
2359231
2009203
2009151
2009127
1995349
901205
277445786
277365531
277365388
277359516
277351569
277339230
277338875
277338799
276839908
276811667
276464361
276069417
275991260
275731803
274595706
274173773
273664261
262363289
253406759
206715482
204806100
161454897
149312379
149312344
149312266
128868904
120035875
120035580
120033093
85135073
43694638
16160437
12208142
11248673
2365861
2365779
2020647
2009045
2009027
2009013
277439131
277439052
277426892
277365879
277365368
277365074
277359592
277019845
276976780
276916781
276706786
276682633
276682319
276681494
276676123
276476282
275813764
275802837
275794340
275415835
274918481
274918270
274576758
273899257
273794389
273570337
263924514
258857853
252798203
252586352
239163037
217536246
209301657
199119194
195971769
149312386
108697154
108696757
96441717
21976804
277501645
277496950
277382514
277365723
277365705
277365646
277365642
277365567
277365522
277365509
277365256
277365230
277365206
277365177
277365164
276779553
276253812
275506093
274944433
274423208
274423202
274184418
273659782
272880863
263992201
249153129
199569181
199103330
181113387
145521771
143112551
120524707
120504794
120032744
103998307
55009393
35194605
21981458
2361807
2008987
277446933
277441666
277410986
277366152
277365857
277361702
275697841
275434505
274619330
274183560
274017355
273663242
273568387
273337341
273256257
270792795
252786257
248778635
247809152
199103396
198764570
160788563
143113377
143112562
129004944
120504797
120068199
114950155
113208873
109815608
51033022
10752383
2681317
2020705
2009231
2009107
2009081
2009007
1995293
1995261
277373631
277365773
277365236
277358454
277355649
277352833
276796966
276717480
276716913
276653392
276375512
276191677
275809945
275807685
273699447
270965932
263583767
263583732
249153110
199103300
198511381
198510582
197175628
168356842
161466853
148843073
143113226
120504912
116296390
95976460
71959880
43694288
40976986
26330011
19847079
11186154
2365763
2009091
2009003
1995235
277519631
277366113
277366100
277366021
277365424
277365337
277351449
277341593
277341568
277341542
277339258
276807000
276798257
276717548
276629818
276441169
275467592
273794017
273663567
270763363
252583226
202043284
198451541
143113134
143112849
142973733
129006820
122665001
120504919
120035211
120033584
120033552
114955694
21981456
2365963
2365729
2361457
2009135
2009031
2009015
277500324
277378103
277377873
277355784
276732430
276256807
276068118
275810383
275809781
273930047
270646571
270625696
263949680
263479895
263276184
253189209
247378683
206980692
184476501
163166839
161699253
161456500
143113137
143113108
143112387
128857858
120525366
120036080
120033669
120033243
113208956
44573015
43694442
21979982
21978882
2020665
2020661
2009161
901733
901089