276176142
276126450
276112994
270673699
225195934
200618708
200618527
199010742
184101589
181426565
176895202
175847142
170565948
167543143
160299786
139723798
137228145
130742256
125240682
116407260
114771870
111304924
101148136
89261232
76539793
73638976
68179518
66698381
57508303
55045744
54619802
53626561
51520769
37488247
25746246
25096869
24510746
12425736
7827140
7178671
277268440
276230116
275707347
275617849
275469736
275009530
274778322
274667507
273926092
273493650
270845002
206542190
205293281
205290063
190460515
184437908
176922003
174624883
171320962
160693982
134799829
115667006
107693416
104883479
89221426
72316057
58978895
58202555
58141815
53627304
51315018
48184895
41619873
35322397
29882824
25271867
10199645
2646887
2540045
576195
276126418
276115061
276081641
276081631
276026979
275863520
275628777
275618112
275591020
275567639
274536010
273877602
273281761
271168875
270130988
213498758
205290855
204745983
198296613
197777679
174624442
174619837
156219561
150938571
141740705
119363030
118235153
102107836
101359142
98067211
85296327
82007810
72596137
59140234
53629279
37890717
7248879
2213433
1508591
576191
276126427
276115059
276081639
276081625
275707334
275589562
275540324
273849627
273580216
273455312
273399877
272122506
270966116
263054794
262072976
260827307
206706621
205293724
177487881
157045781
154501654
148074025
109125762
107693408
97693304
89298235
84304880
72597497
59547957
58918466
57358894
55987087
51948609
48182043
48040396
44970520
10111752
10091931
10000117
7485231
276115055
276081636
275707340
275591786
275495839
275204614
274858040
273912265
273900183
273892326
272365647
271587929
263982400
249833432
249579361
206152841
205499978
205416813
205293880
178000203
122910442
120219574
116410159
107693393
104412884
100253768
96708638
89298871
89249057
89221865
72614149
72031041
68258376
52774130
51953954
39376857
12425734
12352409
12351043
2596451
276412704
276281182
276281178
276281174
276020602
275901114
275779453
275251193
274036338
273926116
273688791
273443145
271654473
271587948
270505649
205507763
205293925
205293841
201892319
192714846
190708514
190463985
186526875
179512957
179512945
156221768
153514472
135325550
121088301
120104480
118516344
107741822
68472521
62377753
14289257
10806339
10005885
4618495
767334
501433
276657661
276175938
275475968
275210514
274939139
274591247
274442896
273976372
273705617
273610970
273302608
251548527
250462429
250462355
205293622
205293596
205289934
205115050
202222540
190353793
153866017
121326211
121326035
118792119
110965021
103332605
74458728
72895399
71326376
68258691
68257367
65005758
59258002
51567691
34007082
7250239
6515571
3941045
576190
575890
276173454
276126456
276112997
275603258
275567638
275251483
275251426
275148338
275148286
274858042
274593528
272619673
272446649
253132536
219321145
206639733
205881726
188785413
171950062
171812394
157086086
126022163
124954933
118711173
112710607
101236401
88011456
75521920
73314753
72875816
62253018
57670147
55882427
48565688
46106961
45998865
39324852
39292644
36704100
4328087
276121711
276074946
276074940
274858038
274858022
274654430
274352770
270830247
206249713
205416831
205291767
205291610
205113435
162209815
161211991
159390736
137786502
119645548
119327221
113182456
109125771
98067367
74458578
74003941
72875812
72819935
68522389
66587571
54662736
53831170
52789196
52232693
50943158
49904410
20833280
16935264
9805627
3731137
3470715
504663
276126426
276026970
275984452
275568674
275493371
273611129
271234193
206663606
205407482
197740208
195480500
194582947
192807442
190712077
184431147
178951602
176050461
174628725
172842237
152463010
127493804
125409721
122910237
121325843
121099681
100129998
84796848
84795188
74896109
74459328
72975249
66852418
54848249
54509649
53202261
24495867
16935103
15519960
7816576
5183153
274274524
273926090
273784529
273724667
273562898
272336752
251552408
248609017
221023806
205293901
197193205
196177335
192858154
191320537
189673400
184505820
172589146
169304095
158904954
152495697
150877654
150786728
133619317
121326324
121315557
108246722
77242655
74329321
70640837
63971344
63940298
55672160
54885735
54473655
52052415
52052246
50947576
50944740
25757340
1988437
276123022
276074941
275869427
275721995
275589378
275124063
273213952
271956747
270684653
259542252
218761991
205493280
205293598
205293181
205293117
196177341
196177336
172587040
172372182
171944777
170945059
161257076
123243049
122475061
121376981
117286335
107693403
102738895
101855986
79555646
73594204
59049510
51854845
41356464
37883466
35860279
35322959
13376361
12351024
2071371
276226932
275590663
275275158
275205011
274900974
274858026
274742686
272056938
264051276
263120088
220669836
205883223
193925957
152508519
150938160
147496394
128948669
127458144
127438753
121326943
118709704
110001565
104647507
73314826
68521887
68472858
67367666
61984321
54866386
51953005
39327784
21224416
16924515
12749273
10838384
9420590
6515545
4334121
576239
463748
277387340
276116981
276039272
276026968
275778998
275430142
275146515
274847187
274534751
274451664
274377513
273849724
273412021
273333618
250462418
250057444
206706629
205666029
205536580
205492102
205485477
205293913
184794456
172843057
171058306
158383233
153866028
150938330
146643980
120033728
118443302
102884140
71338623
51584689
41933100
41932803
12439299
10814327
4987065
542663
276409353
275835974
275762125
274450641
273926105
273688852
243102660
206706611
206254341
205822414
205538329
205507003
205414630
189946631
178951799
172842723
162209752
126672815
121326852
121326343
121326240
121326182
119645511
119074487
111415066
102882413
102545538
87707820
75970302
74210281
63973380
59361032
58579712
54998143
54711509
48122021
38116473
11553405
9999805
3164589
276407162
276406095
276405927
276176203
276074884
273926091
273509283
270862773
215466253
206292008
205928331
205417135
205413542
205293864
205293858
205293703
176767318
166555905
134760902
129665805
125724834
121327111
121326982
121326912
121326009
119645522
115795802
111449572
103543661
103244070
61975666
54644441
44179904
27526194
10005081
9999277
7936907
4312271
3904895
3265073
276174967
276174555
276022641
275906381
275739118
275277566
274844577
274528341
274094037
273926111
273877113
273843156
272076984
270856316
261019374
250462395
208048802
205719867
205538343
205537616
205505758
205472244
205417779
205293933
205293917
205290276
186494604
174851966
168380784
152495005
120294395
113255743
102480627
88861579
83149525
66587401
57622890
51931693
20203631
12425732
277522377
276609585
276091115
275822591
275475073
274748629
274094208
271787205
271779787
271233925
253201207
215538069
206293781
205491266
205293825
205293805
200876352
152463015
140290512
122910036
121326828
121326672
121315451
116407424
92355558
74634778
73314678
72321300
48040392
42808839
37888513
37426221
12482348
11477175
10737292
10091498
3935901
3781257
3730987
504655
276481647
276332991
276292896
276175605
276126424
276081628
275869439
275863551
275798933
275386499
274858484
274858044
274858020
273926101
273836660
273260717
205485269
197740212
193142751
186111342
169683693
163575292
159276858
150938488
145635222
126998546
121327243
104950776
101359079
81203536
78969975
72711979
67649730
57701946
51954801
49023112
44824922
33139668
7473751
7250921
276554079
276138910
275495743
275261352
275078781
274554993
274277927
273681995
272937347
205384753
205293888
205293884
201767338
201153330
196486121
194848017
192714865
186579979
177462877
174609723
161212458
136876263
122910138
122763221
121326412
118781349
115892083
100868286
84623563
82174611
72476756
59483271
59258698
52778824
25756955
22030430
9441520
7998122
4536473
2983889
276658031
276641564
276621588
276237692
276176144
275688840
275474552
275251308
271621656
249833188
230052994
216122095
210964709
195285728
193588993
184101595
183352785
174865692
174661054
162060155
134760023
119334172
113041296
108246556
89802357
77333139
77233449
68300265
65016458
45912608
37413079
27525257
12351008
10000203
7998145
7364771
4987029
4620411
2526741
916454
276281188
275881669
275430637
273707740
273443021
272374688
252158592
208450232
206253044
206249697
205669099
205098037
191320779
189226620
180590958
178058835
175431310
172573517
172573467
168383201
163574938
159259334
158603739
141310804
140617167
121327167
121326634
121326249
105311998
104412370
90117004
77241807
75752949
37012832
19478772
4633889
4243817
2817917
2806049
564648
276659859
276659362
276642496
276474194
276449104
276335058
275903906
275628980
274886199
271729674
271659790
271322391
253005005
249153504
206252986
205472423
205291422
179512961
162209733
133573640
126765340
126748692
121327193
121326413
121326152
119645526
81815298
77249991
61819456
61305301
58212167
57968603
57814685
53548182
53484669
51837357
50802819
12351110
12293133
916456
276126446
276081642
275858401
275537169
275474796
274881850
274452091
273156789
271654426
271654250
252159998
216123027
191320689
179512951
179235691
172483157
166594818
162166359
152924114
134760995
127459684
124431563
119989562
118948228
79781658
69092729
65108038
58038968
54567012
52777339
49465053
41932368
16653906
13853027
10405518
9793426
4986991
4986979
3772821
2597001
276434627
276389078
276117111
276081632
276022793
275350251
275146514
274990910
273950712
273713238
273411760
272127720
271377004
249738488
206706625
205313126
205290296
199142505
196912205
194954221
191356086
184215758
175814178
173372401
171944450
152550114
150938071
150931402
135337921
126871503
119645538
118522385
80139199
56724021
54472923
52776500
11588066
10000261
3773361
916424
275474993
275335815
275262897
275146518
274057045
273726132
271779941
270976950
263119964
217862893
210964677
207237103
197601784
196381756
193393058
192804556
186106374
184489215
179512955
176684308
134758851
130766723
121326444
121326013
121316243
120117275
110585331
99162364
98067326
75696491
67370852
57350716
51855178
50255842
32715679
24861465
19963097
11387127
10801170
7248985
276062556
275869445
275628748
275485878
275323911
273716910
270506562
251548510
251548482
229703699
206641076
206293492
205408760
122910718
102513210
99499324
91256196
84083179
72322745
68251375
58608066
54415598
53087139
51251007
48135700
39546564
35736538
34289341
20702122
14843802
11380894
10703997
10143504
10008479
9358536
8021080
7816820
7017517
4316585
564662
276607012
276434624
276407193
275611554
274957682
274748458
273933649
273850274
271534489
252033336
217886462
198336070
197210261
183541210
164593523
146086332
134760153
134758449
134758384
129586399
118792128
105607908
104401606
99425480
74163911
73371452
71350457
68522083
61890370
56593248
20702324
16875165
11333123
7249651
6991817
6257005
5865883
4987027
3265075
916418
276158694
276038386
275568559
274990601
274889272
273304107
271233656
249290917
215543579
212437773
205422825
205379874
205305952
199957776
194125412
181938732
179728233
172587166
166564444
127567905
122910067
121326334
121326072
118488928
107693412
71892913
68475742
68474228
59249301
58845992
57774214
52788597
51133309
50945863
50106181
41898490
20008093
7690918
7164567
4987019
277470913
276659380
276619539
276562069
276448354
275611482
275147858
273688757
271787353
261025148
208676860
208063237
205489911
205489889
205405163
205387294
205291111
199142530
185439754
184247565
169737257
134759643
134758915
129586428
124551009
121327212
121326170
119719385
119645516
119482911
119384903
119286904
115892348
53293430
52864830
42526959
9796741
7833535
4986947
4465541
276581595
276348556
276328434
276281181
276176137
276115067
275420712
275048617
275043376
274807626
273216998
250462503
205422870
205293862
205293635
195526575
178958573
168369843
157095587
152550218
145639128
134760498
127705854
121326561
121326384
121326187
118791786
102421157
99080849
89416840
58940856
56513278
53837083
53484745
53134645
51421822
47362055
46104327
5898471
4103891
276314420
276306343
275611564
275603242
275357378
273286268
271698772
271693163
270851922
251537637
221223720
206706618
205489788
205422936
205422930
205293540
205292883
205289663
201852320
198281422
195895256
189536134
123583226
121326717
121326316
119645546
103785880
101976258
88964548
79775566
63042957
58849309
55474094
52393121
24499123
7473823
4987015
4654867
4214899
2630341
276599968
276174648
275587065
274361205
274190702
273302581
271759834
271516696
270869680
270506451
270502656
263560419
252584857
250462454
205729146
205293656
194125424
185899998
168848140
168369805
159694665
159242964
127457276
121326051
121246099
119980090
119645528
74164352
62642809
58193438
56215955
42892047
37893938
37403697
26145733
10814264
5866217
4987023
3464237
564660
276622053
276582452
275786919
275475756
275243413
275038283
274885976
274115681
272125043
262072958
251548466
250462476
249598185
249004895
206249764
206249681
205293897
201891998
195885715
188794962
172574666
159687138
134759499
134391072
132883743
122910417
121326853
121326383
121325897
95976963
68243677
61254934
54995194
37939667
14846743
8034077
7251019
2678069
916432
779327
276446478
276425782
276232855
275814372
275583812
275579774
275578548
270126211
262072760
230053447
205413235
205293768
203210820
201892331
201871687
177467263
169270858
168849477
152472961
150938231
138938884
134759391
127778528
127686781
126596610
122910746
122910213
121326813
121326330
121326176
121325921
121325856
106507562
77014311
59153397
58579962
54415600
52782327
49895455
48135712
276657728
276642292
276626339
274896433
274168456
274116129
273291359
272029634
269893147
252602873
205484125
202071400
201892333
200997285
199957751
194127682
194125384
169080034
164714116
163575434
140936002
134777585
129586435
121327262
121326446
119718528
119645520
112786469
108867357
85096468
73521414
57843949
55474428
53017479
52782476
51844670
27537527
15173591
10752083
8240579
276642933
276462710
276250200
275579925
275147899
274961549
271516010
270162073
255434266
252767557
206483175
205489930
205486074
205376849
205293817
199172736
196155897
143008371
135282614
134760665
134759798
134758315
127459369
121327259
121326867
121326748
121326654
121315427
119719408
119645542
119374290
118948279
108246665
108246509
91226116
61877654
52788748
33694145
16830359
3730891
276621585
276588105
276581876
276569377
276107564
275351628
275261354
275020981
274970810
274939116
273867211
269962985
262073807
205460092
205420401
205415039
205289556
175821463
168369483
163575704
159667526
136876738
134760972
133778278
122910729
121327258
121327137
121326806
121326599
121326562
121316124
119645531
111186425
72974672
62751836
53029080
52781385
48135617
41933204
4987021
276126420
276026995
276026990
275586348
275493090
273303551
272030533
271782923
271587884
208797617
205538222
205507081
205293907
187595754
162397758
162150589
152547987
134759943
134323350
133543918
126130410
122910349
121327116
119927627
119645544
119286707
108246500
105320340
102616723
94688514
62745258
54626743
51832832
16960182
14070930
10640087
3464219
2631967
916442
916414
276390090
276303615
276174513
276058282
275671187
275550882
275458397
274593320
274574282
273699508
273290957
271515802
270690235
250055823
215631606
208411042
205586644
205506946
205490268
205291625
199962063
193668842
185712580
175957119
165948173
122910026
77315523
70931241
56511457
54032996
51970131
51969585
50366619
49905256
29934006
12351159
10501089
3470711
576202
504660
276249937
274808281
273443225
270769294
262801954
262073191
251548471
250462484
250059063
206254276
205531615
205507105
203870859
197740220
192931240
187595717
174293768
163575677
145646591
143274429
139441650
121949367
119989120
77851897
77160799
75664877
65092932
58888585
53547869
51953436
50083455
48582720
33699761
4987043
4019391
3164607
916444
916426
501436
471771
276531386
276504358
276434634
276137065
276021923
275855006
275611526
275537779
274958056
273906616
273083075
273028918
270233440
269895069
255371400
249387630
225196243
205884580
205533236
205493246
205471817
205422890
205293856
205292693
184518439
175960875
168846206
157833972
134759878
134759476
126135377
122910548
122910125
99085997
67548792
58941720
57439241
53252908
48135682
6260145
276600206
275969138
275778524
275765932
275520693
274680954
274253678
274116562
271370099
270507711
270442095
251873714
215540836
205472474
205409257
193907219
189473396
171101399
164441768
162209796
154533157
146063454
134759361
125695902
121327049
121326327
121315474
102874382
75517994
59252177
53612175
48213947
48122905
47169118
40545927
27536213
20575143
5182471
4986981
4705387
276174995
276022619
275815139
275688481
274187963
273302637
270506511
270502594
270442426
270214298
269891380
249853503
205507118
205470327
201852281
195527537
176582429
169737133
152548658
145113865
136631416
136591038
125801819
121326492
119483285
119329193
108473647
106599721
100999563
84795772
75951081
72874993
67731846
63055665
52760062
41107090
37135696
8266669
3731591
501434
276551073
276303189
276237748
274528216
274124593
249384344
208450490
205471404
205293575
181134924
170628879
162150548
133563799
133418855
127289994
125048851
122910092
122910032
121326742
121326026
120260074
120047150
119370022
119327594
100893207
75754326
75522087
73248582
55471403
54682446
53828558
48213341
48122070
39376933
32939081
24861674
10766834
7414943
3903085
916466
276597306
275617548
275568539
273849876
273297496
273291230
270954439
269901971
252786412
249904937
248727252
206295780
196859680
196149355
194125377
176765039
176581999
168303254
152515973
133232964
120069309
109662178
107693383
104652049
102513322
100067216
97075353
75659036
68243338
50103530
39325882
38116511
25758534
25413585
20701934
7250723
7017111
5311929
916458
501439
276434622
276425710
276082034
273681893
273545580
273303578
272965029
271783607
271130423
225936318
215631075
207759774
206294587
205531563
205500472
205436577
205293882
205114082
196538657
195543920
194125454
176050463
169737325
134759944
134759721
121315475
121315472
115624356
59241628
57843713
56596932
54639422
31132586
14687494
13849504
12707851
10008746
10004438
5869869
2616801
276114105
275814777
275688026
275583716
271370450
215532822
206265980
206255450
205546790
205536566
205503366
205490088
205480639
205480470
205480453
205416958
205388179
205293870
205293720
205292088
201794807
169737166
162209762
134760857
134760354
134760321
133776042
122910594
122910558
121327225
121327190
121326530
121326490
121326443
119334733
77662812
56656551
56648325
53802824
52419207
276115774
275917363
275869461
275568492
275332615
275214519
275020209
274557451
274042222
273569899
270502583
270443329
209387027
199957760
194125444
178027215
172373105
168377673
145629746
134759202
130385627
121326959
121326275
100067380
95977411
92444247
87105696
83149533
77242987
55475508
46184118
31132686
19852891
9421874
8827363
7006891
6714863
5992509
3464445
532323
276551223
276303795
276252458
275815444
275611606
275576295
274957900
274729386
274355162
251548487
247680551
205508494
205293923
176583762
176581512
172842707
168378468
161211248
134760646
134760644
134758354
122910039
121327179
121327009
121326885
121326528
121326348
121326089
118782039
112825690
58609601
52052783
43618349
38295361
37130044
31132554
14706918
4986945
863979
505901