72570436
44969160
216098291
43035743
45224922
186677573
107801401
107801586
107802069
85315634
107801417
257326416
275579517
134773001
107801997
271307623
134739207
115779836
210129600
273645778
98153125
275181298
31649352
174468189
50713232
45968195
36100257
176037613
115872494
174437687
26666649
276345718
253059954
107802030
107801396
107801744
158777449
107801904
27769016
275772801
41077713
111092835
276089082
149780454
138492571
183895879
27769036
6579831
75031062
191363362
158640993
76827077
158740892
108001009
275021642
275970747
275907778
134744983
158810802
176037199
183275875
191684851
191650844
109064375
273010633
274720744
193513052
191693335
107233238
48226182
133234738
115869286
6187285
59434082
107801954
118900544
92137013
126257972
149779903
22956625
262680091
216205111
275431635
161393066
113215403
125876751
194131743
168796212
276168064
275763483
168799755
107801429
171536034
6137325
74988388
262679834
276561845
217564040
7349821
48319377
48316320
172308887
53305817
171196824
7977159
149780247
275836243
262680052
126257712
275399893
42377073
275021490
274862909
271127321
55750878
22828276
248088608
183068284
163105373
55715962
66510946
271200225
274780205
100770794
167934910
6137251
208496585
275523858
276382739
273937350
275823443
274918697
7975986
276195548
193638088
276590892
134708659
72824775
185340016
107561105
214504425
273280942
275263286
275262532
275889745
271045069
134652690
107253279
191649163
89591885
177827466
171535414
27769078
55745928
274567901
53380039
107801412
107801648
274182912
276168110
276086090
115852451
7386965
217023191
272302803
212960795
275984731
273466355
22929950
134757898
132286309
178010970
58894777
47141251
171535210
26666303
8407712
262680015
196856291
5469215
274781566
173347767
126028887
6132855
171193582
107801612
149780263
275933792
42920863
250335110
7303617
126303957
172457050
136895919
273218765
276473001
274877127
274882047
58704904
273316776
177662569
252861901
273719456
171535303
183081577
137822550
248764030
180364283
134777245
270903355
274938716
65778681
216401387
163806087
168467785
252406431
120035812
7997300
9809445
7997237
134754200
7995643
177164344
276182413
179505528
207277686
129352203
192138446
158777211
270129999
208497043
59206687
191657189
275276585
204650059
177164749
72300569
276030362
176692133
191690638
271437673
175877407
134775147
161551919
150762145
134776866
276472930
42377512
180364270
130398472
57813185
150788748
273440178
274881939
40246743
274876153
262680740
274910413
75990362
263513681
133236291
50240762
262680329
274878428
276357293
133235615
133039068
141232483
90726651
212604731
6136987
274815837
209125665
147206921
190511573
274946486
107801685
274838698
171535266
68368093
276561881
171535329
150760547
163884917
125244664
175885112
55063108
274838774
37947630
136541078
190321339
171535511
190792898
54051384
171536291
8003458
115263896
51475026
72215181
274992671
115225725
170728589
43388701
171535804
167683260
55457290
132098603
40363202
263276745
275523963
141591426
126051686
84197047
27768984
39851792
276021288
190509261
275905469
13356120
276547653
174628667
189940233
67400635
2597775
275956393
262679941
168793893
2710151
275837602
276023038
274881249
145399495
273949898
262680729
275911002
276117898
108937792
59141628
76368202
275021604
173635485
169756074
177319011
84198686
38301675
58837457
262680385
276479968
276020295
26338670
183554496
249006166
103467604
138193990
26691723
55141466
177674636
216384217
6394813
189635020
163894759
269982330
270122349
209924163
275775909
195013905
3985369
182144405
85368003
127380104
253110472
273905840
137440679
7975901
127686689
197540447
2597577
275921766
141740940
175901710
162841600
181500386
163875026
96301892
112019828
136187278
168272951
43205141
149689318
829630
191732448
248638295
12599448
57080245
270139213
125874349
202045782
192196939
45285600
248683883
69177937
44939991
53313944
276117392
133236001
181485400
10063550
10063962
120657027
275499813
43160085
275499180
187482083
73721553
141388938
168303230
41657082
275905598
125732767
273611089
58267780
171201650
248265380
170580327
215214310
274716804
193666943
68590535
51477254
42685602
165189410
273172388
168271092
276353664
275276422
5469269
204416667
20837731
250550764
275461909
91210262
276296182
276317721
45272479
9839769
8407912
73325521
44935336
49278142
10054396
175967798
191739529
261817503
72006736
125803775
275523981
94485564
274529479
274920487
274795145
165595275
192642401
36493130
275276334
2001347
274878601
1589773
273905286
149780140
179523966
176044408
43724115
158743852
191653859
9810452
177635194
171177150
72508500
191694860
194961161
171535250
190099603
7995150
176047837
72513787
75990118
7995370
7995659
183539977
12053734
76005615
48202598
176049488
177638102
100202270
115264010
276025651
150368917
213715969
193667085
56100515
271424620
150781018
11980491
12054360
55747001
274838759
214045544
171194922
276357417
74361944
22473943
155794833
170889712
107801743
270794749
170522100
132982941
275820994
179547004
177164354
7995403
276620902
274838725
190754904
150780873
71957827
120169480
175107684
7976103
26668251
43734973
100223824
193629653
153570444
10063653
183376055
38142632
150759459
20008606
276357382
196856729
186272420
274918215
116143857
44928495
170079091
132230478
66575431
6277221
171535953
183076321
10037609
98254555
197865599
145256947
159010173
2556799
98675727
7976051
87120671
5517433
138481508
86966889
273937468
12005079
7995447
171535424
7997276
173609087
6394535
63229031
68361321
251280426
7674867
2829851
73815916
112188948
274422117
96313719
87130224
37913003
134777591
127722268
180391044
193629588
26667448
125536821
71693900
208746104
276183351
140961698
210393714
125568058
270128959
274578374
1591789
274881041
191717216
146955421
36720970
175885349
276357225
100771285
276357367
116018023
95289298
17610477
261824147
134447624
191740391
209129013
275523925
50351462
275431672
129351856
12052546
53245551
276253620
207042508
76124790
6811197
154274984
183725406
55364136
71962033
100770993
106361646
272939069
180590598
42579011
40978506
2597759
187482041
273160662
276258213
206242529
274855816
2597791
24947419
23021195
248092649
143786897
206292739
274999556
26338845
275905374
41684771
272422969
57811840
39288379
48328634
171536007
248091690
273621282
171438841
21057560
146396717
275921781
94485030
276480173
186741467
271978429
48274097
167935940
274877770
125514739
107801406
275895288
37947523
208747376
48319162
112641767
153520013
52104902
274586203
273748309
153522071
23017650
203602120
12077288
40364987
85380226
129734328
7976948
59171675
263276582
229996720
126091279
273218641
274938946
276558394
253394758
162058112
273748222
19414099
274877450
126796807
113639741
103463862
48319992
274780231
68564272
165989862
187482179
96242641
171535218
274922764
252065986
178779577
276253559
177643036
9809783
96835032
215260573
263276562
276558516
174423635
94485373
190790874
176008376
275426431
162058079
262680428
162053191
252324982
96301779
167653057
164947660
59566521
25425231
127379613
56100050
162036384
68373476
130398871
183070424
2546571
35304312
130784814
140643435
144353469
274917979
179541665
24952261
215257762
275499074
141217638
186272709
56707498
276253999
275276395
262679792
1999439
104089628
15643218
16862053
24958679
273685548
276480063
217516689
174427738
58028021
107491717
149779899
263276725
40073181
174438015
72842338
42685370
173727722
275292783
7977025
275276468
262679877
132814650
274966111
270813007
275252528
275604884
43205268
63191184
58614590
276357015
275523979
262680935
201670687
276229384
15302444
2793429
129812768
129351658
43097237
271985641
98712452
49233166
275837214
66507793
120049622
159881117
275729797
32518296
115958681
20007807
276551896
273549276
274664594
94485202
94486242
27178716
38295818
15263996
59177312
94485868
195430227
271536812
14113358
173609650
263630582
140836685
276021358
42874921
179505572
53034145
129351632
56881812
274387389
68802821
124328856
49005304
270215110
7991971
149780518
2020977
273549348
141767983
274664127
275499211
15177923
57890643
260940668
15200745
2022175
270073729
54633287
276021262
113779677
59201412
275934368
275293087
42337574
23020849
209129651
55457002
207563525
38161191
276119203
39997426
275276220
276119368
155008229
55107216
196849302
274854774
196215025
125740274
276124055
276558348
262680550
251396215
273685795
109885929
55085257
275523904
132144621
59436595
144354367
73546672
9810961
149552726
85386059
6396781
133235421
275523975
70373722
149780334
183348431
129352307
275523973
15638856
276098254
6605805
274046223
115958499
22917827
73500680
24934941
262680086
274876279
169100704
276565719
125715457
207643738
275790971
171536365
144347672
167889817
176897221
72595725
2597807
171535712
21981293
167501148
274585711
276357328
275905537
172472682
5435571
172472575
275376083
149780792
1589731
108432652
129351707
275921751
177748957
97546164
171202931
273370247
263276192
262680161
13980705
141245183
183544565
42685726
186232739
273295523
248089546
189676441
207170727
177750271
189173676
172474462
275523883
7331115
273684819
275055748
274938904
274784898
132230449
276357073
171535273
175886036
276118037
6396849
273684668
272554406
7350393
180577337
173609788
252917371
188722410
248093411
253169428
96180083
127282363
171535923
206621667
262680353
253306906
147217894
177665631
270791335
58837555
163660042
180574439
9999100
252920270
262796074
274772203
71961824
207736869
209124119
274863864
186149136
183069382
107058711
55953905
163827033
55921394
88917307
81136033
163902234
171202816
276118159
6278021
76274731
270505687
196215076
181562858
276558531
276273362
276177668
275502320
275158873
275036180
274973006
273684597
273621306
272069417
271223577
262680466
262680137
205044757
197243404
194963619
184124070
171202214
129436520
125342199
114427752
113293693
107801680
98165193
68663120
59056036
57935703
57758530
55062727
50139122
43391534
40978220
27769106
27691824
15636841
15259840
10039763
9810794
7977133
6394619
276253746
275431023
274585651
273685497
273550361
273446188
273369845
273290778
263276884
253149207
216935870
207537074
198939419
197170190
187482211
183345949
181096113
172063079
154312354
144512424
141242523
137947824
130782131
107971481
101024747
90576424
72508033
66606850
55954576
49082456
48626351
47177099
46634436
44924563
42685398
38147993
22475075
6277935
1999579
1591803
276460969
273135123
270764343
253306740
249011279
217139643
216935262
208869122
194959989
192141980
192139003
175966113
174865728
173635886
165590239
154852782
144471569
125285193
119443235
116297272
108435828
107976546
90576694
75971195
75330767
66573875
66547062
66421034
58263895
55137698
53244720
49103529
44932670
44830047
16861682
15273879
15198524
14547240
2618641
2556893
276027199
276021413
275895067
275477415
275406628
275375882
274966311
274920750
274804811
274498945
274422405
273685443
273684900
272420248
262729332
254124101
252390823
210401568
209125573
200950829
191738481
186236141
177782895
162058151
148749490
129643728
129352603
126124364
126022166
125769108
102697700
96304977
87120433
80372214
55499699
42685490
21979695
2597609
2001389
1589759
276651804
276556552
275431720
275375134
275287571
274880250
273971623
273686322
262687122
253306926
248092080
207563249
192908321
184954581
180227933
160666548
142002780
125685879
125363072
125168544
98675507
81007564
73533301
72594623
57772322
55148313
50359567
50301163
48305785
43188278
42685714
42685476
42267365
25422155
25413608
25076198
21730413
12150614
7975961
2020949
276177764
275959604
275504540
275234567
275195521
274881350
274879881
274585790
274500766
273685774
273592535
271518738
271200065
270215338
243030921
202048399
183029254
178780927
177642779
171535589
144351576
141242688
132244649
129354958
112983635
107801451
96128915
96113508
63513484
56110753
55081450
55032368
50359678
48572822
44309094
42685213
42421469
38160273
6802993
6039867
276357261
276024570
276021149
275511443
275375530
274966061
274923730
274586323
273971565
273468043
272224450
270791686
263276814
253169454
203875759
203467621
196272031
195972853
194961598
194788767
193565268
176067632
133235415
127878365
125874036
116296993
94485052
84283115
79621804
55079843
48813671
43097277
42685777
42684832
27768964
25434800
21059093
13987917
7985951
2022217
276383679
276024697
276021237
276021112
275505270
274804274
273685146
273685011
273304248
273253934
273045066
270813922
254093049
249005594
208103360
197829904
196344517
194067155
192880321
192538064
179534962
161671784
161465023
145275424
127973131
127283531
125876830
125720285
106898371
94486900
49103644
49103569
42686007
42685486
27579290
23228245
21980770
21979444
7977235
1999819
276124047
275984515
275898615
275798785
275160300
275021706
274966056
274711147
270791815
263276857
247949556
247254280
230055087
210143697
205750277
197174417
193565247
192139214
177546548
176112860
171536194
141822956
126257693
116018988
116018924
100221319
94487163
94485961
94485779
75934790
55075800
49103974
48300694
42685495
42685344
24948755
10039714
8052171
2023537
1589843
276559470
276236681
276117511
275895282
275835289
275376123
275376041
275160271
274578338
273685299
273447181
272411592
271542073
271392620
271223690
270813654
262679962
203387386
177783081
174426170
166551189
163553430
156686836
153009991
140865878
130457612
126711692
112984297
87128567
63205098
58614561
55749162
55414748
50355618
21060256
21056996
8051241
6593199
2546403
1999397
276029814
275799149
275798809
275276525
274907741
274664297
269356451
254091984
244332566
215201148
208885993
195328932
188694929
163028276
148734297
129568923
126507339
112985420
109223286
108402582
104859478
94485803
89152270
63158135
55144534
55139307
35716362
31208163
21060817
10039815
8001408
6398613
5562813
2597655
2142549
2023495
2022777
1999933
1999833
1999777
276024821
275972483
275957321
275692820
275687914
275671550
275276309
274827018
274664173
274147821
272427291
270859803
270130953
225322906
217384634
216352324
204669729
196350228
190791008
182144498
171536267
171186835
152246210
130439692
103914363
69271465
67210665
58585607
55457530
48269886
42686198
42685608
42685458
35701341
26338782
25008740
21088940
14003456
1999565
1589815
276669511
275925761
275830171
274849968
274838635
274732927
274070299
273277305
273271788
272427552
272282675
250101564
198925763
195445351
184592803
162592871
157046419
125874421
124275924
120048686
94485804
85265372
55136918
49204444
48306877
44573538
42685693
42684958
42684953
38210767
25430443
25413197
21428331
16743135
7977176
7975818
7400509
4115389
2597523
2001655
276661439
275966789
275799050
275763494
275723898
275382170
275375837
274919718
274894918
274732642
274665164
273158931
272427358
271799098
271416814
254074585
252261843
202332011
198335437
193513901
191636295
165597649
147216411
108311525
90047509
72540152
72133560
68361378
63174143
48316232
48290882
43740936
42685842
42685761
42685327
25407704
24931769
10054066
6715109
2556959
276666727
276565757
275958178
275724441
275375333
275090153
274939008
273468215
262983906
213919979
209125761
202863470
200952219
195238787
172316224
171536039
170069036
150762040
149779999
120577629
120049538
120049094
58585677
56109210
55135913
48720255
43205191
42685639
42685244
37864861
27796338
24964010
22435046
16872312
15264996
8059116
7378429
7378117
6047563
2023593
276195566
275901314
275895286
275090282
275072860
275036116
272424849
270551060
270228902
253782331
252066090
208886334
208784160
207034236
205257892
204425445
193629662
192397015
178589093
129351541
120048644
108020948
108009904
103670156
89146290
69226012
57003645
56880353
45293311
26338803
23046452
16735031
16102885
12371422
8426995
8051749
7975846
7388201
2597743
2556919
275966014
275893413
275799066
275356019
275324233
275042862
275021744
273872769
273684993
273244557
272420562
270970839
270457934
197170243
192290689
177667227
171202648
160705114
158999825
153010704
116298879
66645977
59142216
55106110
54929744
49103625
43160909
42685922
42685201
42371363
38189693
35717980
35690165
33275633
25413494
8050960
6039837
6019669
2618687
2022633
276117624
275965947
275837587
275780133
275727993
274966188
274966092
274807909
274069981
272469565
271426639
262520909
248681305
210423559
208886823
202450538
197587626
197264096
191740447
181997214
166549571
145963887
141689116
138956883
125719792
124413865
107491961
104325719
93127044
87120615
69833938
55144154
55078704
50446501
49167912
48290730
48277699
7977268
2556879
1999693
276480913
276239758
276116987
275600303
275375492
275375171
273872370
272374647
272103560
272040857
270234462
263276302
262568886
251403493
248087955
190794049
190541766
187336557
187180200
186234861
171202552
145682081
143494758
132340155
120048636
107979875
96777829
95249645
94486582
59177285
55150033
55081744
42685868
42685723
42375503
37865549
8001348
5739589
2597639
2001819
276479041
276124156
276024729
276007841
275798633
275698523
275503011
275240810
274966261
274800330
274778810
274665248
273685661
272623870
270239379
270239346
243031589
208789602
196349891
180587378
179780821
145666688
141237403
116018759
107907456
107157675
92375767
72620808
55358793
54930358
54656521
48276751
42686152
38190761
15200619
13989212
10054152
8000761
7412129
6394745
276545659
276124008
275957457
275836390
275718314
275523971
275376170
275375988
275375493
275375449
275293599
275160414
274923394
273685332
273684624
273291033
271200498
203477504
189643119
182297347
180381394
151780062
137442284
129355221
120575880
91210503
75937986
59201621
55140002
55093319
48720142
39249253
15098183
8416841
2597551
2525605
2022605
2001445
2001417
1999679
276123996
275965756
275798687
274776263
274498955
274070080
273748340
273685431
273685106
273536113
262984097
247719300
244332456
209129338
207360036
203432897
191422715
177713228
171187008
167649371
165597971
129278404
54828755
54632538
53036178
48312449
48310107
48294299
48273994
42685472
42685254
38191712
16876078
16861373
15267929
8000281
8000229
6580103
2556839
1999509
276357244
276181232
276124039
275991774
275933718
275780034
275361706
274784702
274683877
274662648
274070192
273872897
272427477
270438103
260940220
248841560
215121629
207732844
198918946
195283840
183553849
161405201
140768561
130104753
118788760
113778794
110581388
96304410
71540294
43158755
42684975
42385086
41873469
25413278
23105968
7412173
6586479
5562131
1999635
1589703
276545867
276368075
276124334
276124256
276103521
276039484
275891722
275888171
275798897
275406232
275024632
274607510
274070251
274070048
274069973
253394811
248087888
207191538
200116020
197169829
192910228
182147926
171535711
145700362
137822563
126689903
116295819
108748395
94486117
54656202
52259019
44969075
42685369
36768916
31208505
15258297
13374838
6630315
2022793
2001791
276124324
276124236
276124041
275905493
275837110
275798656
275376150
275374483
274908032
274889434
273839585
273703890
254113960
250336350
207997224
169331001
129351461
108404712
107801698
94486372
72130596
69175405
66123731
55749227
53989935
49195179
45053667
42685918
42684952
38494172
27578556
26666165
21981576
21981561
21350887
5739881
2023915
2022619
1999805
1999495