276135518
276117054
274388406
263433314
227746564
192977208
191502436
179541784
176752662
174599595
174593860
174593826
172146754
162772687
161007768
142439870
134364129
123836523
116725239
116566083
110850007
107067035
89208874
88796437
80857582
73315307
68985833
52945747
49658272
49648343
36007224
35420153
3671793
855600
554401
389145
359484
299461
126697
125781
276005904
275069081
274029827
273908414
273891515
273880674
273095636
272030678
195998782
195277333
191684818
189474023
188998014
181185263
179951358
177334663
171939157
162028506
136818264
135716055
135410778
130172342
123518348
116783441
111031533
110169574
107338360
102391960
95085073
88796298
87675294
86018342
72540740
24865067
10784603
10198980
1457747
895314
360660
126003
276289535
275822530
275535748
274990556
274989970
274804777
274715592
273831862
271995193
270701425
213701520
195531282
195166291
191501918
191377941
190565076
187118836
183513216
174490279
158868703
156634748
152810169
137742771
135078386
124088830
113063452
103637245
102782859
93395080
88073058
87107826
77558147
72636913
69238917
56606433
23790776
20560382
19772753
8004965
1998347
276782048
276270867
276187178
275773339
275249015
274705961
274544706
274467128
273908702
273834370
273217798
271312160
262059424
253369340
251518027
249050883
216406375
205986498
201437397
198126604
197653378
197620972
196946349
192431673
192376330
188318615
187657388
185409375
184217870
179444874
142008316
118722616
97034068
89692612
75655835
74890302
71505389
43406334
1570185
54665
277485404
276515204
275174880
275130483
274994587
273906695
273456496
273303118
273217833
272420302
271984126
270747030
260685661
201308561
193005797
191604412
191477357
188685608
185409732
183111772
177548270
174593840
171183734
167596574
151564798
150937588
123850440
117929765
109393113
88778074
74498670
73179180
72746857
70524690
58393093
56196502
54889765
50237107
3424667
2989999
275613456
275348699
275197306
274892435
273908911
273900797
273445189
273271786
271065002
262478106
249791135
229765302
201125305
195445913
195444597
183559913
174593834
173058453
169548885
149653443
149248566
107971562
104850969
104261141
94304443
90082542
83982862
75662072
74730315
73261273
73166945
71094027
71087453
70847754
69931916
59482840
57842537
47270547
17913419
7574741
275464173
275409822
275408167
274877962
274875247
274180163
273472564
271222060
243088598
242715477
200678912
197587166
196718477
192640012
192445205
181256650
174397451
172833589
169489699
160946538
151532597
142467213
132144149
115980611
112056073
93931233
80446970
73768914
58251130
47470738
47081914
28950501
17914711
7718059
2462825
2001029
1026342
515550
359480
122012
276829576
275316800
275245079
273662105
273095637
263354473
257835948
253358448
217356219
213564093
209163201
195741816
192257703
191757014
190520210
174593799
174294588
159440670
149797747
140135744
138226190
136096397
126075524
125773832
112251499
111156743
111050867
105513634
97319439
91189530
77094229
76067387
52049435
31547651
17509901
10860173
5844491
4340431
2054469
637038
276331262
276292583
276288474
276273967
276091443
276036138
275409209
275249317
274808449
274562818
274400149
273634830
272125991
271516605
217720396
195915991
194823010
192986165
190602137
186364916
176213226
176082185
170105386
169809666
168869275
160906816
155286090
139462714
114680946
113568856
108633882
107370384
106054017
82033657
74860644
56248615
56026597
5371673
2431785
550442
276286500
276248282
276137293
275771254
275425249
275398847
275183403
273393456
272421609
272420344
272420279
271968218
271312499
262463239
253397539
227490134
212142932
195999085
195032632
194505453
184410513
166320772
165032162
157215759
145613865
124702330
118424390
108311556
102766392
98149754
95528617
74456975
72811865
56879851
56024494
50254961
17533229
5911429
2850663
536965
276116200
276036666
275360822
275266793
275207839
274580183
273623525
272495575
272285194
254091721
253358384
193570286
165519983
154835064
149248936
140376071
139200046
111982297
101847035
95995050
94519609
80959641
75993812
75582647
74188294
73604989
72455227
72014868
70820558
56078205
53533536
33762008
28324579
19419738
7739073
6509837
6411193
5993887
1600005
311969
276475241
276379826
276005793
275876068
275749277
274375602
274139836
273916258
273457735
271966725
262672378
253358703
210441088
206231163
192726528
190506536
186206677
179911051
178329646
159058306
152464834
141304837
125772028
112087792
85118373
82668652
78011688
77125504
76203103
74265058
67907870
57900120
52341716
32848289
23542112
20495992
15677446
899654
418636
360738
276154310
275876462
275286031
275209519
274777280
273159767
206560759
198915190
197821724
191825332
191571091
190544240
186591278
176588545
162769891
149268229
144449722
142793158
140135702
132023427
129241549
127360244
126999325
126415021
125890134
115999380
115959856
101280008
88928186
88197059
74862358
72634099
58736477
56308749
48464589
45579046
21430781
7857039
7734288
515545
276379039
276135096
275947904
275623768
275354692
275177428
275001891
274991384
274931166
273600844
272857450
271961954
262501792
253367877
253297311
247428139
218762886
217729958
215119024
198199442
196928645
193974171
192275761
190757937
190706721
178077895
153045640
140135974
138226961
137572991
133077905
127360217
103345916
98822196
94886842
91013563
71693488
57307532
6006517
356188
276464638
276115570
276115522
275930328
275774028
275762696
275358119
275198050
275005959
274824323
272941340
272358652
271075849
217439540
195916600
195916596
193974034
190702798
172431997
160067138
125766729
125594820
115968406
115088020
112055244
108962702
107748830
98653521
94801128
82861299
74555237
74530820
73204703
58023971
56306151
48576455
29238111
21363410
15184032
4594727
276267361
275974904
275903955
275196784
275179333
275088332
275077679
274750722
272967293
269956854
262904859
209307301
196855678
188543326
186340586
181485705
178566601
167441543
153273898
147800518
143494566
138940950
91241820
75397375
74235841
73731363
72128011
67975846
50446431
49501166
48056587
34843660
34495897
32866408
28912009
24633902
22380700
9947322
5862639
550407
276153974
275919765
275617492
275552515
275325183
275293048
275196137
274163693
273385535
273371246
271696859
271317014
257862956
252850098
252063441
207164366
187568392
186242839
176898787
152816262
117987260
109876799
106990172
103759180
91190769
88798139
87108804
78924984
76797145
74629311
74190625
73274032
72928043
58232513
26029786
15267057
13856129
3602035
2010525
515551
276392748
276364118
276295312
276291736
275836203
275339240
275185617
275064359
274684310
274544172
274496748
274187946
273963194
273547137
273351914
273186012
273179754
242496697
227059274
220684876
209612114
207947343
198312250
196336751
191657133
160664361
138940635
109888350
107362350
103857788
102600103
72476467
55210024
45476928
43532445
42970784
32933371
19821434
7868018
6010115
276448896
276159910
275867899
275631295
275569850
275442071
275402528
275331632
275298109
275189071
275163854
275066057
274805333
274728284
271961849
271245251
222723952
221233126
198520898
197665885
196353630
178608262
168310169
113569143
112350234
105612368
88778118
84224656
76138054
72727057
55596971
37971642
29567281
20176353
15589295
10202746
9383944
3237477
1998415
376848
275197028
273084814
271903429
263754620
241638318
212937554
207335374
198020948
197346190
196956316
195915487
195658280
182833187
179229024
178762645
173469202
169977869
162024953
160919813
136021325
126036026
105235579
103615993
100083467
94908720
77917907
76062253
72850567
72725402
53978688
53401241
35227361
26530641
16923734
10179466
7181447
2774881
359726
198233
180912
276630505
276546673
276508308
276400293
276295284
276153293
275376642
275185526
275066034
273890898
273680096
272402620
248463942
217214045
208226975
197644087
197568305
197345920
196910364
190595892
172373074
160301386
142872893
140135909
136587242
133940670
124935012
110964510
110376984
90519355
80970228
78010736
73771544
73167033
39012636
22877109
17487098
16393113
2038581
508536
276612870
276508744
276254184
275182920
275150248
274638115
273982656
273971839
273452112
273300851
273283864
272553484
272165725
202736642
201696793
197387454
195300861
184253849
181810365
176694590
174431036
174000599
168670882
162019817
161553090
142473275
142118162
136820198
128584202
98185800
90898855
76138065
72958553
72308542
53977774
44874754
42352283
21343921
16077553
2774937
276563699
276483587
276323588
275921612
275260993
275186940
275117779
274923445
274659507
274178555
273912436
273365197
249288627
247448927
217412875
215535742
202961247
197939369
194130066
190213283
188111490
184130521
182326305
181568297
181269220
170433373
162144193
157504731
155880564
155045141
119102608
88778021
74597487
72818491
67991573
50495325
43681030
22493423
13080348
11661093
276196864
276155097
275921991
275802142
275623241
275612888
275417217
275244183
275242236
274013510
273785329
273353649
273248483
273179671
273119015
271295359
262384684
217440067
195456241
172432113
172216382
168226110
164563949
157244873
149568916
126018757
125650528
103858318
98184504
76551611
72850695
46134973
24891334
21189199
13884156
5911431
2000975
550446
402164
171745
276474888
276362109
276350047
276188157
276163473
275836328
275426035
275229157
273743511
273742123
273739318
273340474
273247728
262589802
248565685
209519209
205295162
190703528
172433048
137458361
105235727
84546768
84225645
78924551
72934998
71771600
68400624
68357747
55205135
52200217
51721769
51527732
35977135
23103832
21939251
21396868
20543840
20065946
17920957
13856093
276586735
276385019
276373424
276353120
276275488
276164517
276107392
275854501
275537660
275226548
274921790
274887955
274455760
274116071
274103035
273431018
272912767
263396800
221525758
207207503
200677197
174593802
169340436
167350134
155292688
150815864
149153821
143579392
138489704
125802463
111977850
95735799
83333243
76480366
76357325
75399660
43406088
33744638
30738343
525668
276508763
276447085
276327698
276105749
276081978
275907035
275869880
275831091
275777254
275715380
275209851
275114232
273875942
273601033
273297724
271983168
271138376
253181213
249135667
189685611
186170790
174003404
169296144
166087628
152492437
150377233
138940446
135613419
125571781
105664304
98650855
84222896
83333568
73477342
59256259
58678581
48749940
37491897
7717802
2850661
276361916
276302729
276173279
276155791
276107707
276101428
276098644
275821060
275814963
275655550
275606204
275588109
275477994
275316535
275292241
275200206
275010765
274100148
272420792
271661374
271128587
242694642
214802387
197891759
188043469
185853596
179565066
166084804
133941211
109983015
81224454
76203159
73871784
56771629
47168902
12490304
7202893
6012693
2455375
584802
276619013
276605054
276590493
276458676
276317604
275984496
275949625
275920892
275533709
275326755
274750098
273744013
273466913
272076421
263803250
263645855
263415826
242281188
226947327
225214022
206664948
205823774
205767767
205685296
202340466
199011681
185848126
138387438
117892222
105616539
88540253
87382884
84226629
52518490
51079408
48420599
37187374
21939977
6937929
3777689
276634305
276555282
276356082
276331201
276130028
275760795
275492928
275438506
274172678
274085268
272074359
271958326
242636908
219133458
205905371
199678897
199672075
196579220
184132231
162582680
162087109
161951824
155254012
153020569
109455098
88950158
84878780
77148753
75318981
57243207
53390729
49194596
26165963
13281996
8700751
8125680
7555917
6907827
4889007
2066599
275734637
275302657
275263012
275193305
275129811
274685160
274667635
274496828
274022910
273914366
273634801
273459212
273447221
271191253
263698768
199147889
194483156
194455161
191375629
162237798
158868825
147980981
142457974
126808483
122160254
115840623
112287571
109773487
91412768
89504580
79445601
76480235
73644584
57287349
52580515
47271214
20272019
5748769
5417729
386464
275577016
273982379
271804234
271194081
270834107
253248836
196282900
191591857
190707596
185990466
179061279
176761115
176254187
167355376
166107670
163850036
152923535
150936608
146000272
144399701
130834713
126998612
115980516
109088549
108945894
96403483
80964760
79239706
77743707
76473301
74912675
73279927
72850455
70823216
63483058
58617631
15073893
2430659
2067293
702132
276563829
275768648
275529472
275378015
274968305
274704359
274095512
274085289
273981751
273664778
273634644
273544865
270461446
263104041
207461150
187494188
168918272
161249996
152011221
150879971
137864606
133581998
130842252
127221618
117220904
112937202
95225506
90220378
89429331
87106876
84859323
82874789
75302620
73871931
58406254
57778313
57523356
11586496
2466163
2066611
276247036
276152428
276101144
275822534
275775281
275417332
275344112
275218550
275216327
274750159
274695877
274571480
272438135
263396795
242742062
201292848
200852576
200804529
188686488
179944607
176588567
169206834
168375677
159315470
142775457
137118482
114376556
97251063
95098445
71112662
40737659
39306849
32850002
26098635
23490593
16235287
6840381
5986499
5984995
763106
275513834
275197111
275178744
274919416
273936761
273909925
271911332
269959335
222573915
196596794
190464353
187829788
186083612
174593880
169545360
165903443
162399807
154279853
149127116
136835705
119988875
115529247
113491072
106457399
105293037
98822732
96727277
86417195
85185806
79582374
78887664
71331005
67262554
59409729
57441768
48428977
45579051
44887774
38407102
13884193
276384910
276227450
275243806
274809882
273962176
272285663
271791656
263644978
253188425
213987981
196201409
194458001
192158249
191770932
174547287
170334689
162021343
136844157
126018708
122909454
115529255
108358329
107478430
93248723
88068023
87346168
81437719
77868208
77712221
75031093
72308460
71102080
59090334
56083269
53447698
31525270
23198050
11719645
6010061
691568
276421907
276377347
275527875
275410633
275341345
275302775
275294587
274934525
273541346
273497889
271986734
271324140
262973262
261941379
207207699
203957192
195928309
188565088
186961535
174096489
170969410
162085351
159380734
152183994
143529532
138386143
124480915
109947285
105611200
104496077
90220235
71656427
57640796
35443778
30745440
25500642
15186378
4757629
360750
199828
276408227
276379186
275954614
275823988
275424542
275171298
274794265
274778651
274068434
273377572
273347131
224990491
207270188
197708868
196776480
196182793
196009856
182799605
170823451
165600414
148813604
137425557
124702774
122158068
109961411
105611211
103860554
91190961
78622503
78010530
71105466
54048692
51065436
34557311
26735584
14050570
8299504
1998343
359483
311751
276616448
276546741
276240485
276229924
276120897
276089609
276063623
276007558
275941085
275316653
275200488
275157832
274958171
274874684
274845246
274797037
272369355
271914317
271237939
252130944
207935794
196515285
193863364
182807342
171063643
160418299
143280987
126935477
115529306
111152877
98822520
77403120
57705006
55848621
28730935
15174570
13810365
5987217
360759
104159
276387135
276296790
276173692
275957756
275919854
275659316
275585467
275421143
275386629
275161378
275118576
274959910
274793830
274690878
274590047
274589038
274051547
273085570
270728973
252872018
248539405
198788223
189580427
166322289
155289779
135822278
115691358
111726388
104069839
94928768
93205257
56078466
54770214
49562448
32049575
11585147
6005835
1517005
747777
419024
275842848
275826313
275587777
275506449
275426263
274798222
274400639
274303669
273508793
270851732
270519807
214823876
214798584
214216798
207755418
206253343
205804620
203930223
199020711
194188404
190235100
167429957
163552717
141673214
127794615
113078398
112984330
84770479
80950282
78975472
74818356
74220059
47961476
43057260
11517108
7680554
5908851
2429787
1998419
311940
276288014
275802498
275739544
275658279
275577414
275507775
275416378
275207089
275100876
275089789
274750424
274710423
272358633
271445340
248723656
210441068
208683024
207374084
205696307
202343742
190322302
181772131
177999059
163790665
162148679
143708252
126690362
121242752
108753341
96110687
92923235
87233516
80859833
59252158
57208461
31694551
26268215
7087255
418620
370998
276329353
275922389
273983470
273256529
217636293
195656690
178102405
174034367
164667031
154492115
150269530
144192671
138940885
137506921
125771491
112129838
112020137
108202304
102785769
96774962
90220209
88778046
87705843
78512659
74215680
73461344
73165600
66511024
58699617
58629879
54710092
48703501
48464425
23051032
15197979
11720840
6010267
5980833
2432055
2034099
275763602
275658600
274808006
274096363
262767139
213673179
198572236
197539658
196686640
191719745
187746575
186816949
186639307
185969019
152893706
152461054
148044591
138940914
137939354
132301151
126933924
113662467
108464767
105609386
99247951
91190279
77712893
77200144
73987485
72926930
68748732
54051455
40875024
26525072
21219471
13808285
13781306
9503237
8066832
6332871
276025056
275800051
275232790
274841924
273210959
252871973
247817251
225971148
217164541
215518920
197964428
193900141
172319605
162593737
145497867
143592595
139723685
139139721
127617827
118442922
117432299
116382556
107530549
104254876
81292054
79887552
77030296
71937623
68802730
57688657
53028239
42201924
24176281
21343628
19704956
8292079
7531531
6623081
549186
487532
276411924
275806326
275416361
274168338
273080560
272113754
247617493
207552873
197243786
177644552
174217915
172342458
171232872
165701149
153509587
145279040
142431114
141498567
141362012
139497640
136469009
135412837
123149514
119013946
105236470
89222210
82955918
77710875
73622188
73496566
60039593
58046598
48301707
45553679
30035133
7820793
7349679
6637413
2034109
549243
276181442
275794192
275609536
275230488
275196429
275037354
274914582
273682062
261821782
247408135
215436400
202328270
189233731
188544053
187823647
184130823
159971233
138359591
129225121
128594029
124698347
118191706
107353264
104802065
97819339
91191259
84566059
74561381
74457004
73745311
73120391
67992270
54568580
28937832
26015428
25975457
10670774
763495
361787
104180
276327673
276101798
276098774
275882905
275359272
275245633
275155154
274750044
272477229
216025576
197878929
196845532
192275559
192158374
191320811
174231613
165345530
157424631
137123301
130084156
120034962
113208754
111983048
109084340
105612037
103874941
99322084
91094626
87988373
75574549
73580531
71972268
56306977
52816123
52664233
49194899
41294422
35841221
10089663
7614405
275694959
275575583
275339332
275218851
275176561
273942246
273448307
273359621
271535601
270127026
262084680
252462151
201572012
198073297
196487034
195531387
193874743
185654546
184130715
178605756
171203112
166653588
166566148
162752849
157427432
152469625
138940094
138107463
136469037
112442306
103704244
73341658
69662062
39326495
29918506
16318421
11580874
9976588
5865867
4215333
276457125
275396930
274692529
274634558
274107276
273156782
272648343
272126263
262637550
247830835
244317353
216216173
202439387
198735130
196184036
189363615
188043517
187157457
185845615
178521083
178220980
174948236
172573270
167152597
158867582
123830217
121240496
117443196
109890675
108326753
84223868
73783171
57820362
52853342
36676064
35362751
31526616
26267650
2045721
418574