276233070
199752718
193504415
187574051
176250783
172210350
167432515
163149118
162033134
154298071
145680551
133821238
126700166
126146318
124635780
117031543
111972654
109403033
107186342
104312787
104080625
103076103
99968881
99958075
95052893
87981660
79435123
76537581
68573034
56614642
52189164
52184516
35087712
31638135
31637590
16712370
14694284
9730171
7599073
4965821
275028368
193492866
192036622
190515645
186133766
182968034
172283470
169120359
138748423
126701222
126209464
121252846
118019766
117059903
114446808
111560211
110938120
104904605
104188520
96809572
90979601
87940800
86988226
81209773
76271955
73748479
73742258
71909603
68202834
58962353
58362412
55411656
54761601
54711023
43333663
34148419
33610954
20733222
15993454
11203758
276233156
276151697
276150761
275910710
275766528
273052618
267556901
247338520
198057906
197720611
186743939
176251118
174029817
172305521
163031972
162817668
162148842
154292862
142781683
138751282
138381315
112086654
110704393
110309352
107411611
91848059
87941257
84826006
83616147
73219234
71985742
42899542
42424755
34911128
29436675
29408823
20464385
17912482
15992824
7925353
273558365
203145770
198381953
193993947
193993541
193988328
193987820
178107571
178058234
176663149
168224742
167431552
163716292
160417810
149980106
147570724
134800045
134757633
133864555
110477285
110139205
104109417
102473213
98902335
98642412
98224496
94851482
94659387
90483633
84826648
81141012
78924987
73335809
73330264
73214429
51714411
45818196
43333515
24038276
7170169
275145289
273768361
270743291
243045892
235856324
235856177
199597563
197675716
196313090
192564455
190355591
188916571
184822619
183682463
174301048
171451574
144170857
142781300
138750990
138750674
138748869
107338883
100179757
87094676
83517269
82646137
77745744
75716217
74385119
74151584
58263440
57758774
55163582
31594559
31204960
13634142
13512763
7189521
4426117
3714997
275143723
274905023
273644558
252099214
240592615
235851731
206664470
205486844
196467846
196207027
195192891
193976862
193322207
187579216
184051552
181566777
174024710
163896997
145717928
142779439
141663347
138748071
118900403
98986504
84872072
82643340
78503787
75659874
74595171
74554228
74441629
71171098
63037905
52198192
34148045
20737439
20735027
15137091
13677604
6927817
276627929
276624195
276584954
276461365
276354650
275625162
274019587
273644508
273383061
249724558
248687726
248632967
235885556
208755693
203951905
201934333
197600242
184827544
184824763
177750772
172283135
150214417
140579763
138749504
137912762
133875924
102081742
93010173
90483736
73744766
68938308
67838126
50614559
48427720
31204806
28940218
17911356
11270937
7823134
963121
276583678
276311369
276150571
276134916
274875775
273583691
273510814
271389536
262514774
244297794
198262015
190515998
181114107
178058273
171049945
168994241
160902809
154917738
138748093
128276418
122559240
117176114
115453581
112099693
111477677
107707462
107643677
98902559
97823540
83160773
81159816
76121693
73332663
70937555
67294572
61393910
52629244
40979664
23296068
13690239
275573510
274394449
211296548
183901382
178102021
175551923
174651544
173032354
167431460
163713265
163032507
160903200
158905125
156212090
148994401
143694820
140463315
139060213
138752406
125485858
123204494
119056035
114698445
113052759
108772138
96160421
91467052
83518046
78488663
76705126
74493882
74404407
68596032
56465215
52188800
51551126
35193581
31512583
15784024
11246610
275967515
274820674
274447534
252869644
251572799
249215436
235877484
235857845
221277063
217176750
199944438
188794495
177274778
167421285
164313903
164082610
163716172
138748825
138414268
137863363
134380574
134245251
126596446
118015579
113769576
102122394
100367154
94857739
91640238
90483788
82642262
55740133
54781910
46107976
39725831
34964186
31638205
20990241
20680707
7989432
276415565
262029621
251581625
249590585
249414312
248688298
248271114
203177188
195947484
190405308
188916076
174651206
172322104
172282833
172281408
169331344
162526851
134750203
134656633
126700312
121635925
106281201
105708174
98675410
95054251
87895026
83377872
78501183
72101305
68200548
52253824
52198505
50456519
50327852
41654783
36576099
35236973
25281818
21601483
7078761
276461506
276123170
275621738
275621714
275145637
274894622
273644256
273586063
273585953
273584426
243048713
206717258
205231567
174593731
166132556
163904210
163902369
163888596
163882213
163034644
162714466
160357923
151495563
141660170
141657282
140464696
118020324
95053519
87010975
83517309
79369713
78906543
78510529
67595415
59473713
58838015
56919853
54762569
13632609
7989720
275145137
274872073
274871704
273583590
273398705
270758519
268736387
203931515
203404415
196586343
196202846
194284327
186523086
185842484
168957775
168872132
162617092
150494070
119064764
116273173
116024135
110429809
107153975
106764912
106700356
103093005
96594332
95053555
92710504
90722180
87896252
84823077
81715297
71168734
59080911
54931043
52198702
13686933
4401897
3715005
275878934
251773296
208620867
203931181
200002662
198518846
197536590
196297504
192218094
190154762
184914221
177055613
161541055
146458764
142213572
134794425
132136528
130745782
114194298
111709849
101949747
93206831
90483829
87011090
85490518
84866436
83161649
83161336
78945633
78488223
72881856
57829428
54717637
51638534
48591617
32988061
24004714
7402949
6187707
5862059
276415375
274905153
274827261
273586670
272839497
270758941
268507843
268507786
262514843
248688404
235877607
221277354
203951470
202439250
198381522
196033255
195949063
192683632
179575330
163902635
161494286
160556315
148845226
144523087
127197643
121626976
102531428
93233783
85705434
67516317
47099868
35193606
30764036
25097546
21436280
15135625
9417046
9397523
3714865
2146547
276459406
275145711
274613331
274447699
271829352
271524753
268604592
268504309
253425980
247345003
243047181
235853287
198882634
198500040
189596330
184815974
176298191
174104034
164313025
164083716
163731428
132137295
132107824
130969557
130773565
118990975
114478473
109516642
106769474
106700067
101278805
78488562
74959458
73398416
67708834
55778935
31521191
13720669
3952347
3714765
276461251
275169089
274083747
273180137
261979304
221277189
198057165
197139408
196093567
195622075
192678290
179575398
178588791
178554426
171046883
169908972
165709094
164313171
164017356
160814776
155269199
152348255
143579343
111850645
111710197
107039457
106700106
93050507
83517474
76725581
75628604
69611736
68936826
48591421
48101769
47470601
36576092
20991311
4399961
4382605
275660299
274905084
274871644
261808361
258379041
221277381
221277014
200929113
197062475
194205679
191055924
181990263
174317615
163685308
158755588
138749879
119286524
115093722
111710370
105937313
100369140
97099486
95306637
95071979
93969398
90483743
87267258
83518318
79876518
73281196
72462368
57969708
52344373
49490569
36344393
22158405
16546849
13580313
7078807
3714875
275935381
275046380
274959752
273666640
273533933
271554995
271386759
269905075
252571303
248633224
247955718
241225016
240537235
195801442
184826054
184821858
178153833
164082601
163544556
160883259
141665125
111709364
110308041
93961252
76369205
69335298
68940642
66709381
58404726
43161858
35605352
34159128
31512448
31196961
25965148
25275984
25196817
15363095
15362990
13587414
276457802
276328278
275478570
274355534
272918260
253273404
248687797
247804144
247245271
208755665
205827944
205712386
199678933
188914423
188914141
184236673
164310260
164252914
164081070
160883220
152882456
118586913
92806576
90601031
84651131
83519329
82819910
76755232
55664211
54889097
50748314
50745745
35364542
16911213
16651795
15129168
13701213
12401277
11720590
5757757
276366333
275911617
275504598
275090811
251578267
251571728
248687006
248264394
246730278
246253806
208750332
208410791
199941761
196596356
184816283
172325259
169916705
163876902
163677493
156000684
134833377
120171921
117772033
111709266
110813116
91205203
84285383
83617921
79007628
69621551
69336348
51299947
50239323
49998240
49998231
25277963
25045069
20731450
15997524
3947017
276390949
275967945
275573593
275056333
274587611
251572277
198262051
197352209
195948130
191474727
179746796
164312324
163919880
163905753
163903477
155240548
138754122
137209511
118803534
108701320
107962165
103243177
83617770
82643799
81188534
77879401
76165828
73842105
73764687
71908855
68165919
35193626
33008560
21191213
14695097
14694657
12108954
10047542
9796365
7078819
276232860
275731567
275145943
275058970
274871691
274820713
273718491
273232118
248688375
243053289
198519026
198414734
196372599
194099667
193978418
193738850
181142190
174315711
171901581
169051826
163895036
163580450
163436248
160814353
159382032
115093792
114278010
94522304
90723093
87043985
84821897
71153341
59326166
56958262
50079513
49733157
45300477
41531018
23412294
15132079
276461462
276231874
275625037
274895531
274871776
274552304
274444395
273711854
273445993
248689686
247879461
241020420
211252715
203954003
198382168
198194808
197341588
193989559
193981069
186071542
174012874
171477321
169642344
162530652
145717645
144526512
135075286
134702556
124748904
107962045
95310196
95064066
75404433
64275643
56492086
44302757
44210513
25084178
10922941
3714693
276650274
276461300
276461239
276070120
275145515
274447825
274158802
273644468
273585295
272449492
235877801
217176888
190195064
178058271
167025428
163882883
161310463
137643038
114744071
102386244
98985299
84594046
75659414
71955860
70903617
58720667
57786091
52293352
50766526
46699028
41083401
40260666
35193565
34702589
28286476
25313077
20832274
15787672
3970625
3714895
275625102
275145682
274904959
274514013
274390322
273608559
273585215
273584264
273395658
270771649
243047326
235871279
211169651
207236298
204041021
198261829
193891481
179735521
179563185
174605566
163877732
146231681
129246479
113771027
101272357
95305852
95054026
83519755
83159675
78925174
76048960
73871752
64275868
53518374
49195908
25456448
23452446
20521520
14694949
10075781
275573569
275481818
274562035
274446307
274134890
273583620
243051224
241193583
214666377
205993470
200002882
199630999
195946970
192276490
191780196
167426594
163712685
160393397
149425909
143656326
130356521
115886097
107661666
104681929
103012443
95293206
94283900
83517293
73727390
73410837
72972591
57796167
57759258
52187546
34909799
34707251
34669916
16924160
15814683
5464905
276584510
275660466
274871944
274158485
273874169
273583997
272588665
263080686
253180996
248690043
247807078
247344140
212041368
208740657
198382010
167421709
163877262
163497845
125397100
118895078
98985678
84800636
83157075
79191302
76167395
69941216
63478020
58720882
58519034
56958321
55600246
54643444
52133729
34704679
28640871
26002537
25965007
20521574
15806734
3969655
276624141
275146100
273586723
273586695
273349719
268822167
261833556
252657530
202226021
198200131
191682503
186630767
176731624
168067501
165213172
158755601
155716886
128276503
126700253
121610316
111710182
106997567
105708792
102890989
101949803
100366611
95053766
90598742
90483623
84826168
78501924
75724701
72791018
59079180
57822939
46601617
45301531
43154580
23286414
20831989
276608321
276034402
275181800
274634534
273563999
273374194
249723132
248689838
247273579
203931088
197058539
188915801
188718369
183353659
178779614
178476854
173399657
173220428
164251496
140579635
134381486
120326517
117582667
116022979
115885857
100367931
91386804
83518673
76076541
70895119
69893593
69885674
59131022
57979853
39983639
26515006
18012630
15309836
9795798
3947045
275106811
274895670
274683632
274447776
273397186
272359348
216356961
213537936
203951990
201917041
198203124
176067897
174017097
173410519
163883058
162834923
161367286
146369372
140465164
132109889
119063763
113052130
111710357
76163175
76072069
73420975
72522476
69995737
69897256
69751893
57910304
57760785
54998953
54643516
54643352
43768930
35908681
24958503
23074205
9412566
276590956
276274078
275738857
274086864
274046444
273871989
273644661
205828092
186271254
181992090
174318792
164582293
163677693
162844633
160910728
156000686
142781435
142779738
134409005
126040369
121677792
118159890
110182378
103384621
90599019
83519454
83518417
76695580
72808689
67842063
58280817
55706073
46636388
42969209
34707514
25291359
14835883
13740267
9796401
3967059
276481075
276232676
275959892
275322095
275145489
274156421
274054091
273644402
273623210
273391458
273298764
262514720
249204441
247245272
246730165
242187917
205299984
202225381
199940178
196209471
176301618
173998725
165596173
145221431
141662877
98120055
84282961
74207136
73743727
73456416
53708009
45438648
41539670
35363158
20525822
14695084
13331882
13326027
9148044
8057850
276603398
276597770
276007824
274871374
274054426
273359743
273232070
270554172
263025331
213886102
204283325
202815842
202225365
201934265
199752074
196250740
188916034
179746482
162865673
161539871
140579637
115885731
111709035
94879600
90024039
78969280
70662020
70636228
58403663
48306558
44056362
39362779
34707114
32316253
20124280
14872725
14155139
9798497
9412575
3714915
276639312
274998573
274894645
274871657
273396762
273294586
271515519
269943918
241243661
239476769
235854893
229722569
203063619
197849874
188916501
185947180
176723605
164584229
163712959
153390827
118809730
99146824
83517021
82644376
78551224
73208079
72808734
72802628
70442223
68939519
66104352
55703509
51097511
46698977
34706302
32002989
9795733
9794519
9414353
4343771
275144116
275114342
275060534
274145329
274086879
273992210
272449363
271537829
271522234
261979385
239484185
203933253
193900743
189938588
184915041
178583691
167402284
164947630
161539220
133868386
129746934
118036962
98078737
93959052
85256178
83518505
83517565
83160401
75983158
75310910
73645538
67616851
67272705
64315996
56958267
26756439
19394825
15728899
9414308
3940485
275930167
275924798
275901887
275812496
274145678
273295365
262897282
251455152
249007001
208073820
184822205
178058291
176792604
170684989
163553548
161310458
160882965
150214082
136773232
132129034
130326781
128634673
119068396
103348167
103244048
83615800
83517890
83161021
81188233
76368362
75718302
75649772
73360134
70896832
63849276
54569520
28641031
25965086
14872748
9798275
276461521
276356750
276159875
275941505
275746861
275621806
273496233
271522484
271205517
262029858
262029649
249457410
246730697
229724545
207757181
201594583
200929463
178935117
163552181
148081201
140423348
124161826
102859419
102579186
102509426
94881390
89266198
83518455
83161524
81189081
76688342
67947210
67840370
57759545
56471284
51267850
36295615
35548457
9798549
9149374
276672114
275924698
274557759
274447396
272446985
270552760
269943289
261808822
249203332
206140474
202224000
201597060
190129715
178937547
176118750
148845327
148090644
111709992
107005003
103298375
101350843
101154484
98984347
90341361
90066362
83517176
81186471
76184051
75311609
58396439
53708144
40908017
36450410
28641070
22056215
19388855
9797992
9415192
9148102
3952457
276586306
275934460
275436265
274871668
274011586
273396359
271158363
270752234
253838401
240592404
205480502
191681997
188428155
161310587
140210564
137649423
132356273
124690224
107962296
107411732
104511809
102908183
102581214
102575984
101991074
90483672
83517375
65098981
54778390
52654561
47470611
43769208
31204701
25097561
25008729
22100198
21701807
19364923
14173806
7600618
276590775
276231895
275621773
275621762
275145910
275145696
274904980
274895762
274803144
269965882
268504487
268504416
248688230
198518901
188809173
184915007
178953064
174316147
163534683
159000911
148848665
146134703
140465453
135057302
118985103
111682623
101463378
94351100
83518829
76596617
74493672
72600691
58312611
47274527
40934060
31664674
20523699
20016488
18013163
15131825
276590693
276150540
274904893
274158457
248690177
246730783
243057272
235856698
220666598
203952537
198186626
195192648
191354727
183036594
174026921
174016999
174016304
167393894
163678194
162772514
161959866
140463415
138750651
127050110
125748435
124749863
107155145
95335305
95333152
87043648
86982736
83517156
57721812
50701079
38245663
28640835
26299526
19395253
14070491
3714775
276461019
275930344
274394608
273623654
273608482
273585514
273402555
273396601
273396527
267468293
248690166
248688331
244169153
243057825
243045444
193201333
190507047
186271088
173998078
167420941
165652262
163546094
162617791
112064344
109220528
94879492
83516834
83159122
74003228
73922712
69612592
57711438
42629498
34702350
34158949
33754891
31637448
24470252
6055663
3715013
273872499
273581762
273363528
248985977
248129588
217262932
208432186
203154833
201384530
198383034
198328077
190641432
185567470
180957651
171059727
164947573
163877415
145219981
136780240
130337196
128276471
126735213
118973485
106504894
102888084
102875288
102086317
90863897
83618309
83518044
67548437
50749269
48619257
43881828
42227940
31512564
29254399
24250579
8024757
4027231
276461004
276244092
275621795
275145435
275059977
274029502
273644688
273363471
202743101
199955430
189940219
189938206
171056227
168335726
167169649
164310669
162782552
150494178
145178707
143667729
133867505
133824107
111710108
107038037
106208971
102085482
100367720
100367212
96873814
90603102
90601019
90598603
81186425
75814065
70974522
55707137
55662229
44242291
20525586
14606317
276355270
276116891
275321533
275255647
274159190
273874204
273644489
273644391
271537609
268505555
252158672
204537693
199132602
194824461
194198751
192222097
188914852
144525925
144317186
138760207
135059173
132702980
125941486
118037436
115885928
95304831
83517813
82644520
81694400
78514217
76263330
76150457
73089824
70091294
52188529
32405679
28128681
21477434
20522011
4200925
276461424
276073663
274905004
273558171
271200036
263791010
257788612
253426024
221798540
217266054
204536319
201854887
195775635
172280578
172269159
171049324
169332884
164947604
164313170
162734947
159017395
138775667
136780251
136780225
123204495
118987161
113052074
111711467
111710188
109917645
106636225
97255810
84283574
83518954
83158148
78511905
75659582
74419954
36563763
24755349
276639297
276569649
276461392
276390744
276369553
275710680
275621784
275607680
274905167
274802946
273363492
271522331
252064810
249580241
207565906
198194893
198127008
195305537
142778495
138748915
138669988
136780210
131418464
128276529
118895371
92164623
91388606
90598326
87012003
83616971
83518516
74553848
56461941
50761170
43769222
31597255
21375813
13671640
7707600
7189625
276590422
276584350
275203560
274871866
274155304
273644380
273640990
273399360
273398809
269895252
264019760
243057355
217772885
208070329
203952466
203951577
198882714
192125870
179216239
172283830
163687052
146234462
138756029
138393493
132126990
111709227
100367551
81928917
78907547
76538210
76118602
75929061
72954128
72295748
56883990
55732286
44245675
37157955
25097591
9397751
276159793
275958784
274905282
274019609
273583886
273127591
272152867
271538093
270253236
248928122
227331003
207481639
205162616
204042625
203926651
203115271
200929232
196296710
177312768
176708850
174004141
174001966
164311125
164310055
163582420
162774254
160814283
136385051
98126967
97854237
93961752
76600628
58723547
56118725
53705778
49998253
44238642
23912413
9820560
9414434