259514009
189491905
186627908
186558014
183907622
180378151
169848307
162548473
147265074
146262084
131407951
128969410
122692850
121396300
120759154
119195755
119030223
110001215
104270135
104110135
102488853
99868980
94778000
83412126
73124602
72652203
71178441
57999394
57867024
57806524
54484578
53583472
52756206
52504270
52187161
46202190
17423771
2119173
1400785
892141
276120162
275504887
275410902
274067031
273624233
207379266
206485076
201040328
195852183
193433927
179370829
172447892
161225352
155794592
146509745
134419302
134242996
130767592
113458874
110894852
106208909
82875291
73529777
72904497
71999229
71111080
69929041
68716605
58002786
55365176
54686184
54483857
53973090
52885368
52006431
51476716
25421013
25412653
22081865
7114709
273156780
270862516
249970010
210458939
202805092
199728521
191918105
185380294
169978766
169650796
164479566
163827070
163304843
162597633
146432055
137572447
114976767
114621700
97924113
95335291
92441037
89980825
79267304
75340681
72049662
71206737
67650750
59259444
57335326
54412879
53830678
53599746
52238368
47163069
42718737
20103667
19929974
17488465
3906915
892121
276504158
276165574
275869666
273661002
273083875
272452316
271123700
270102591
262362970
262300577
195469953
194465292
191918107
189849768
185647202
185004372
134853381
134360720
128584341
125771437
125658476
117318253
99621372
80757840
75044183
73464817
73314056
72459016
71924152
68716607
59238383
58469713
57971649
57867023
52310134
50294624
42759652
37495650
32021492
15444566
276504239
276177374
275950378
275493793
275428127
275382621
273569921
271327777
253133906
195111061
192975755
187622257
185004559
174262175
169362095
162424714
149959628
149376396
140791193
140174170
135442243
134360863
127693039
120552065
117048535
76451291
75836319
73887002
72615961
71890908
66903798
54323172
53497035
52760599
50241058
46327991
32072094
26334551
20104505
4355547
276604408
276018795
275451454
275271492
274823196
263488389
217778590
203813418
194432936
192443483
179520546
174897090
174236741
157175018
148810239
138534630
118898224
106563599
102014994
99994000
83429165
80618848
73758944
71342375
69927147
68716601
67980198
67937873
59412424
58536862
58499716
53521887
52354974
49123718
48354676
46185330
42354346
34527170
8085585
3088227
276035221
275892617
275479886
270862442
226036798
186348775
184282768
183029245
182148476
172950048
164158123
162407831
161030427
143861521
141143706
135720334
135156091
131184578
125555122
125084260
116681853
112068381
108605078
106385679
96175682
89144285
84886093
76545899
73467694
67932480
59401658
58357614
57046106
54644755
36300228
28659189
27948515
3927949
2119169
1399571
276408900
275570245
275367488
275058873
274470797
273377437
196051243
190512159
189568098
187829576
184591044
182971940
165844799
162875961
153291977
151462143
125739804
120166109
119446046
112072065
103755910
98556230
87831027
85029640
76834277
76514380
75330721
73759724
68736740
67910007
58804363
56451459
53830664
53789448
51662145
51368456
47462861
31672125
14639229
6710595
276408760
275481695
275428359
272638497
247316420
213860137
196362415
194496895
186142362
181909421
176530481
174299634
169262530
165758266
158639945
149149135
148801631
148797223
133866129
130978265
125149573
121243851
114204741
98650585
90852479
85512749
77746708
73371758
72751318
70820849
52581646
51373821
49865603
49116420
34816875
16170433
14526627
10768010
7202329
451852
276270688
276177979
274967167
274368618
273619945
272671450
272484433
272452606
272417057
263210087
247395139
200520155
191326374
177679445
173710560
173673833
162405563
145762926
135059226
134515126
117196166
115436781
114572066
112760341
107713002
107486345
95875948
89227279
80657249
75356087
73988526
72659852
69198239
68413077
57863885
46207255
43389470
36960736
16093882
4995493
275451439
275381161
275376339
274435840
273901995
273672038
263697276
249253399
247763372
207853618
207227522
195791850
193723418
193081467
192120961
191387493
191136118
190510330
189208326
186654717
186557908
175432384
162210732
162189829
154157961
152521474
148877182
144532704
131407865
112218352
108601464
84566545
77317036
69240971
59163919
58814335
21326864
19853979
11341623
794973
276163245
275928153
275338165
274867163
274123848
272298582
263780864
249783196
200960836
194818369
191356959
190791221
186862075
184858864
184318192
176592358
174489164
161683477
145762384
144868820
144492733
137181690
101921036
87864580
73617595
73437740
73400195
73100258
68187835
57708582
54583763
54133235
52676101
52316356
50252568
20223034
10914085
10407749
754592
627748
276068072
275540651
274954738
274944917
273703650
273641941
272639442
252289717
203757099
197676301
196889763
192523772
186256010
179759048
179505447
161027638
159765477
150851260
130829751
130369125
127031393
126865171
111631559
103757642
101858930
68788653
59602156
59358608
58469517
58448882
54682452
52774383
50272433
41227454
35273810
33337588
20557823
16341786
10647257
2395003
276381041
275384468
275284150
273607096
262304471
249694552
201225920
195462469
189885572
189492088
186606653
183335881
180746646
176728501
167429965
164433381
154566300
150171465
116813584
108243370
106699435
101995256
88928025
83480720
78964736
74396976
74383210
73638934
71063177
68460154
59471210
58021652
52731281
50393230
27609461
21391325
15605817
4166657
781987
529402
275847793
269846183
217695866
199638326
191775375
190510341
187058636
183503039
183057936
176909993
174032615
171590605
169514577
157027637
151483218
137672504
137672212
135442312
130412896
107453161
101360455
100623179
87628025
75131601
74695680
73775892
71005991
66647096
54097692
52126872
39318884
30008695
21929492
21373904
20203015
20036138
10604175
2909831
2432307
2153235
276568490
276025126
275837551
275599590
275257179
275051507
273935253
273608471
272913561
253176290
225960091
223727594
205290287
203457589
195797725
194570463
190707199
185922606
176598081
173854188
171922257
166081798
160577685
148026925
147265095
143363686
142331006
115992688
107336808
89308771
87651538
85029571
75373271
68607055
58481259
54130086
10791010
10115744
2739235
980486
275894840
275869950
275405659
275359899
275331876
274317228
273546668
272135703
271120475
270977396
268505461
253047582
246851223
225947119
217148812
205894449
197070658
190553620
187764887
187616941
180575249
178783625
168960299
150898622
139106099
105137438
103564402
101894776
87834801
83397883
71057267
62469165
57243045
51005591
43743469
37929600
28079716
19915578
13729970
2239281
275986366
275966163
275427593
275223971
274843590
274610888
274597284
274183101
273870687
272553066
198462390
190320291
184689674
181449675
173632748
173553141
168923896
166088798
148654134
143116837
142261128
137226640
134841092
128569047
118877620
113693449
108209734
105310628
87959612
76593224
72587793
56308540
55052995
52281723
44320095
37465377
14605513
13451491
980512
696349
276441452
275422569
275407662
275340470
275338444
275157815
274662390
274362160
247298318
211961875
195649371
191378480
185821808
176691427
173450362
152534368
150549978
146939630
145750524
142478266
134863256
124295227
119203295
118895071
107063648
99233776
81588389
77913133
74972494
71518878
56400156
50094239
27826567
25470491
23427410
19638219
16169716
10768545
916729
529404
276081286
276036184
275889802
275425903
275268718
274580113
274410790
274060710
198057044
197104665
194498258
193758611
181773473
165967342
149459663
148729690
144268637
141349418
134844476
120338124
114152769
109090764
106808360
105880677
101870479
75302784
69237807
59410891
55324101
53913537
53238570
51600528
45597601
38037592
21753291
20910797
16376462
7351379
4581785
507437
276175214
275544738
275344893
275228880
275008181
274499578
274183288
272034018
270211230
262428588
261005339
260743765
253062799
252600839
248415858
242696322
196567078
193570155
190510350
186881179
181120173
156212843
144630273
144235527
143702933
135442320
115013188
108856769
96186305
73089240
70191598
66546589
65204670
59451095
52416730
46289932
35919877
35247508
10227148
578912
272836397
217750982
198295325
193645278
190857198
190510339
186555776
177091957
171825718
161253442
157511278
155367822
152705765
137860014
135442367
124658780
116194623
108294088
105632980
104542459
96246379
78632468
77754942
75346666
73935625
73100586
69572812
63139040
58135646
57390338
57045660
56737810
55598652
53972329
38076907
37695783
20580153
3326251
1609187
647148
276118008
276109413
275220090
275088891
274946426
273984047
273871624
273868903
273787401
273729782
273671453
251462367
214789316
195983842
193530021
192308302
190755138
184833497
146887829
127964576
122700651
120273991
117059826
115281843
103789765
101990592
81291846
73878037
73147684
72660053
58918400
44297321
35058677
26350629
22622993
20905915
20680352
20033756
13877176
8141095
275511640
273409379
199251709
193542285
190726741
177613982
176153358
174609283
172936142
171327943
157255707
156681774
151585192
145673593
144203362
133775658
130043701
122494119
118013604
114682649
109873445
106502964
105893670
99213076
87651880
82385249
81089185
76138486
75794505
73772578
68891750
67865283
67290760
58252037
57642343
56308226
54447888
46208141
20152022
14178085
275570262
275379086
275090381
274690181
274526282
273938776
270462666
248420700
210760574
200791426
193365988
190702462
185380271
173554863
165758264
150150684
149387829
134621577
115092053
108894757
105229027
94891198
94186847
83398128
79408587
73636466
72081863
69254004
59477703
58451521
54351163
52111936
48318867
47115292
44106824
42305900
31877464
19353425
11660212
2127549
275305821
274793299
274680899
274173548
274100170
273935273
273888643
273476082
272453821
271929248
259567940
248798331
209603615
202519681
200032561
198929840
192951644
191140197
191052797
186287933
169136599
167441583
139478577
120058445
99211522
76062071
76057409
73503576
73466625
68391419
58156247
54622263
50254577
48721105
20634390
20346270
19719366
6137123
5853283
4581755
273637795
198510237
194583058
193710187
191052819
183513712
177921835
177610565
170354329
165767116
161409750
158601820
146939868
134777589
92011179
87651508
80896130
77037622
76150362
76058957
75380795
74307765
71003207
68074866
56868404
56274865
56091947
52297710
52173227
44016627
41106507
37038721
32018391
26602007
14639274
10647762
8380873
7202337
5750351
686899
276830432
275376284
274728104
273914194
273551962
272547402
272318899
271418875
249822719
201045585
197387569
190989561
188379989
184847169
182487120
176451792
173854526
148040890
138488520
132837361
127123538
113428652
99212501
95056530
83680089
82941510
72216749
71063513
70772936
67175850
55478942
51134040
37032720
35120155
33549912
19584471
17011712
14708813
9793357
657077
276506300
275590120
275451443
274781551
273804599
273721331
272227021
270660644
253426259
246167977
217474961
217285737
211926469
205894291
203973987
198379758
186286485
183338850
160557799
157508710
155833455
153066085
120338283
118090508
111472732
99324909
70840667
55669191
50434921
48277781
46203612
45374394
44120270
24605723
22120754
21440911
16422707
16019755
14380849
2226247
277520862
276611781
276139528
276118285
276091601
276059881
275938412
275875277
275361313
275129797
275059823
274703423
274499423
273948539
273509362
272304434
272015831
263273757
262570789
210276349
204949603
203025893
196022850
193207962
189558569
166300860
163914475
137672640
91759207
91550327
86530164
85908084
76254098
72881357
59273521
52049950
45300792
14250878
12333430
579850
276616531
276522439
276328451
276280086
275987130
275948829
275925110
275663266
275611804
275271594
275257169
275219558
274541672
274128465
273980749
273906321
273484410
262773271
247305229
217511597
184829996
180987964
178827552
173151309
167610171
150150426
141816133
140953145
138534687
138226311
132828212
128540776
128133966
109854689
77850865
71518863
56679961
21879513
17627977
10368779
274656790
273596886
273353758
196201661
190726737
186254300
176141287
171921586
171154371
170443548
168791782
167433774
162215286
139706526
135442271
134584069
122092238
118439194
116021608
104681236
103427571
91805445
91097264
90576295
84566326
75302285
74986804
74307767
74307763
64992089
58973346
55202545
45841554
41370491
31746993
19738841
17593518
16690674
7274279
578967
275341580
274067035
271332358
247681305
185051474
183057994
179723959
174489160
165590802
163583429
158813684
155382183
148009153
130410828
130089636
124690968
124554405
116726951
113617195
111410537
108922782
95736985
94188664
77661738
77448059
59167976
53258075
52460944
51355202
50735077
49311372
43062466
13392113
10811422
10000461
7830374
3644083
690393
580040
526484
275128816
274570946
273901280
273730167
273660940
270660646
263489265
200689817
200624847
196813044
195968874
195111057
195111053
192918349
172286355
165085520
160822405
155487222
140565062
139968800
135837283
132847077
114894560
111154835
107793784
89059076
65602917
59079470
52999852
52430475
48094891
31816276
15082433
13798444
10672962
7069459
6348351
657099
650492
480138
276440258
276429662
275400205
274864315
273172656
273027130
271847965
271121025
263034310
221223532
207557574
201937917
198995620
186288399
185653590
183718713
175470886
172157360
152780561
150816076
145239880
139973216
133811221
124475692
117720199
117138509
114202488
104745469
103046199
98191087
93094433
78972715
77924641
74329992
73116326
42333530
22430108
16181346
7699066
7114705
276335138
276291448
275936249
275797431
275695275
275422074
275399332
275376425
275189108
275057561
274721418
273963106
273574254
273380309
273181769
263697225
263239679
249391072
247860144
247661092
242628125
196155710
191378504
190632304
188588972
182729311
163398765
134483225
118694896
104907084
102640716
75339729
74304335
73983602
71961298
68668749
56737206
55134519
52025890
46709528
275855231
275802121
275575213
275493835
275287501
274954065
274917774
273442558
272795962
269986753
208273199
203219953
191918103
178335252
176166901
176063554
173973033
169533164
166447254
162475645
156842650
152646150
151000327
143006782
138288650
133000538
117074141
88925284
80931424
75627647
71201886
69927153
69644015
44044385
43896673
37085269
32895306
23142259
10142503
3606791
276568176
276179775
275934763
275890883
275805092
275415069
275362379
275339743
275322299
275268539
275224128
275069383
275062630
274746703
274285285
274050649
273244983
268453893
261822135
258607203
253426939
252860032
247291020
208761326
196518627
189165304
188535695
157493369
144353973
140643396
90119083
82131104
77743338
75739720
74615464
56658988
53524080
13986037
10597088
5822595
276962324
276288129
276021404
276004510
275418126
275339232
275066462
274826240
274056121
273824872
273509200
270800718
270212199
242731088
212468499
208779349
191807379
190857196
186288660
184451055
176692844
173632127
171751931
162795015
153665321
135507759
135442364
115708052
112976323
110904962
86736830
71349970
70026463
69193092
68103352
42922722
37164065
11488920
5556093
788829
276385059
275879691
275714284
275507786
275499373
275219457
275130543
275009897
275008690
274468713
274418301
274145763
273561523
273240844
273235183
273192199
271313582
270186426
263499917
263047403
251403365
207838564
204340262
199944168
193858806
192675166
192105873
176059668
174557059
139136003
129260830
76528236
76039727
68737333
66672429
59593396
47461891
25078023
11331636
6188599
277014857
275793974
274974761
273601296
253680049
252053150
249143290
214607920
203511976
189701066
185380254
182550677
177960863
173636676
173084742
143300183
137567590
130069689
129766661
126915456
126209566
118243720
108884253
100102850
95895598
93049318
91165526
76822448
67899677
62631775
58975491
58210089
57364201
52608855
35189466
24204263
16783677
14462132
12220499
6077793
275869541
275685288
275421531
275354105
275256588
275072027
274360129
273661034
273280478
273165603
245074462
208128843
199958317
192924150
186883908
186369626
180364801
174468230
174304782
160067318
141515826
138465363
132814317
126109966
125753800
120763380
115824063
91882575
76088147
73639044
68600931
59598451
58695912
56658931
34139939
20494319
17616712
17494855
1985161
1021683
276354896
274889492
273607042
273562361
273384891
254022854
205817287
202021386
196188267
191326389
185492139
181909427
180319342
162250528
160907594
156710816
147570674
137672598
133870923
122958306
116375000
107228418
105926543
100111012
92902549
83396390
77196219
75477037
70841327
69247964
66852753
56815775
54389885
53979018
50701305
43811855
32720610
13306906
479668
479657
275274922
275261014
275174165
275129507
274555418
274532405
273570265
273284501
273244864
263077904
263021944
217145037
198097413
195622018
194822733
186826373
174489182
169919224
164305938
155162910
152512691
151592160
150093123
149434294
134716008
134360700
126530209
115437439
113691672
109351669
73989515
72924649
71896364
63480649
41715390
41349312
32401322
28937063
10649713
680792
277522342
276451897
276441369
276227892
274628787
273671413
272389903
272156609
271499653
271079040
270770782
249834229
249668418
219132972
203188428
197607466
191140221
181771885
171922750
142213338
139512567
132276904
131187017
120966259
110382264
99334550
91746120
89774434
77279311
69839065
59309821
57901482
54841005
53923571
45188593
36874849
16610438
15583730
5766103
4780351
276559825
276147886
276014002
275966083
275822448
275526593
275486239
275417336
274692866
274682235
273905043
273298575
255205574
250336979
225195698
213735924
207640622
196567196
191385630
190708831
190632306
189182484
179809240
171810110
168549485
166247226
158157753
120781952
116021623
74651405
73474591
57951957
56941523
54455019
44852074
35783423
21144239
16086841
11596338
2075139
277470804
276456150
276192572
275695273
275357476
275257275
274424194
274115138
273411789
255430654
253036643
247655879
197867507
196361104
195951151
191587220
189171996
184099596
178768013
176592356
174550067
170121569
156329498
155199274
150724471
121327662
118425519
116981659
116185291
70497920
68545402
59155739
58548196
55060331
53034279
42932264
37537894
16316787
3671349
3005689
275924572
275376419
275240061
274848217
274841797
274607979
274607973
273078313
249253386
239683574
211924790
207745496
206674194
196578880
191891544
184424520
182149764
178027527
172904887
134408928
128133958
125042207
117029790
115445030
113651048
105099751
76834155
72614135
70633748
69572853
59288213
50591051
45059353
32873124
17461855
16994787
7699062
2442069
1508055
552571
276412024
276334835
276094094
275407284
275379070
275346545
275219472
275212583
275195787
274608155
273746766
273655821
273583230
272854058
215998741
208887299
186554172
178603386
167062727
158142069
138465577
134244329
132841864
119688285
91550210
83831975
76309558
76123189
70819664
57774091
56769721
51500414
27852356
25087949
13619710
11331612
6485679
6013077
1946903
1938521
276968746
276474023
274610918
249054412
217167230
198525389
196479668
192178209
189885445
186106844
178038158
164361792
162128806
155107770
152517279
147964660
136814433
134312373
130978917
120338206
117980294
112168764
108430436
92959710
87873126
85029511
81299438
77765130
77155243
76904906
74415759
69644021
23907727
21326880
14935038
7478361
797637
795049
758191
468932