276003962
275970393
260844985
191680827
186434710
179988643
171564906
168562118
133245970
128912879
118708687
108535251
95253531
93078800
91565733
72644676
25108217
22254660
22052325
20541866
14115539
10298023
10071383
6874429
5902685
5560235
5522507
2042227
1672211
1672157
1672155
1672153
1634983
1634981
1537315
767101
632681
632680
385654
385582
276540526
275969670
274884816
273201159
214230523
195927144
193583705
182457734
176672113
174071718
153599393
133245977
132353050
117926982
103341055
98605258
73574991
72790514
68832828
56218973
54865932
54058503
52758862
35031098
33785195
33597687
25917926
11949005
10278713
3554629
3265121
2042221
1687625
1081764
631525
631034
472541
385615
385614
385574
274948742
215539080
212219580
197922834
197920686
197378660
192831802
191995136
186288869
186270101
176756454
170491702
149460253
144228451
134592241
132081941
126945370
108535196
90331609
89441903
74306493
48291660
45319679
45319677
44878245
25074713
22052317
19616866
14423711
12082922
10758843
6430923
1529993
1313871
796867
580690
470430
435317
389688
284446
276396801
276258665
276257651
274317383
248523366
205080549
195969972
195937919
193879341
186305097
186270829
184793101
176672117
158762755
153597872
149467412
117793839
117147637
108535223
105821846
95175125
95127416
70662253
70633870
68491597
55613571
53296092
52730951
51540051
24910578
12081510
12053893
11368961
10053537
2738595
1754767
1313897
631959
631049
580515
275926665
275428235
275419900
275304727
274948813
274440743
273825294
273250656
273243998
272113564
203110603
201816436
190630654
186633014
179953046
177424215
175814174
174481487
155398602
121367420
108535212
104791199
95735629
93514280
81517203
74402547
68494638
50699284
48579668
44810580
37153816
36158810
25444067
7690641
878393
654647
630778
580508
472535
385477
276177424
275970825
275463214
275269716
274988647
270978505
270548993
262899667
253047144
198573850
186579789
186271109
185396832
175153919
173744230
172368164
171564929
163716188
161493630
140333343
139135659
133158593
117927305
102739210
75436781
74625269
58731239
58601328
58214750
53507455
51559883
43754492
34315222
11197614
2738475
1659085
631498
559949
525590
472708
276051050
275969862
275841721
273711622
273455553
273167960
252063162
197960229
186253037
179717789
173854434
173472760
167926077
117170051
94613156
90683425
88992738
76158697
75307295
73623601
72117492
69839188
63165307
58601415
55891956
50779213
50699279
48085908
23257530
20534750
13566981
9902454
8959289
5780691
2469427
1831605
1687623
927571
472738
472735
275926112
270548759
257857032
202596160
186272570
185941089
181133300
176048170
158399593
144208515
140107223
134591513
126795077
119251217
108535228
108535197
104323277
96826251
96199726
85396315
75842514
70495154
67810097
65100105
54058501
46643670
42889999
42260194
37141416
36678762
34315213
28725732
25738219
13325863
11874956
11118835
6761497
2775397
2616909
385469
276348907
275970279
275905053
275030214
273962326
273454843
270185520
270113591
250336454
207852843
206906133
185077932
161256063
152709665
136029472
135973753
127126083
118959851
116516454
106082135
97435337
92159194
85653803
73276050
71200200
55614663
54414235
45150752
35239920
35019646
30157357
22052319
16107344
14708536
12376539
10640154
1600023
1192875
568659
525533
276075181
275926493
275925899
275085351
274566391
272043408
258515297
207841044
196855083
196851276
196463350
190119235
186291963
185812640
176254169
176098197
152015621
131194676
121314816
117927645
115960176
114778830
114458769
103376023
94146543
73607516
68341522
49217739
48594251
43822645
43763060
14773441
13884713
12478881
11261516
10305259
10099734
2738497
1325531
284465
276129679
275969860
275261279
274964902
274675848
273457539
273010004
272283366
270845561
198560707
197654844
196857628
196857071
190641510
186516401
185591376
181097571
157856445
149425187
104288718
86530110
77543516
76217766
76169379
75946733
73609586
71672934
70495152
62758138
59148842
58173357
56918293
55615437
36385805
33597680
22052322
12107948
11954438
8294948
2738479
276032346
276022717
273724233
273503963
270881660
247998045
247955149
214088657
210415437
203025937
196003161
173758897
172800186
172242077
132366446
123929183
119253125
116244839
108535211
107974748
106074482
88967146
76656992
74551654
72917546
70661243
55461727
52639277
37405722
36779625
35933597
25704809
17613452
10638708
8142301
8142293
7319063
630793
409945
284609
276252266
275942757
275911033
275905081
274952292
273532971
273410920
273188046
273060126
271332324
270977246
270977228
192676799
192305641
184597199
184518312
183558378
173463343
171564938
162713234
118124183
100158366
90135780
76776131
74308227
68427702
53224806
50699261
33254716
31265214
25107897
16363285
10795699
8142289
2835905
2397037
2336181
1600071
907532
545471
276534521
276308511
275933681
275432494
274883771
274566412
274560636
274560631
274080549
273825296
273714241
205073657
186309376
171124536
170330947
102513190
101947387
92560200
90740873
88257154
82721609
77986600
77673975
76166201
74547395
60185869
57715384
56389444
51542236
46709654
43162128
16180578
15456663
12504638
12107990
5136709
4494843
1362445
956315
562334
276395308
275798314
275627182
273715070
273531931
269895645
205014161
192790496
186304024
185817287
184309060
162971933
160152603
134390487
125722009
121322953
109297988
108535259
94118366
78021090
77026005
76133761
73772610
71712755
58678128
54417619
46980003
40769633
36768495
34315208
26096771
25108019
24862534
24694337
14423069
13329014
12084554
2577737
1754691
638369
276611311
276281961
276123577
275850431
275135618
274173030
273713920
272450539
269845157
247821977
206945062
205615584
198324072
194487212
173564760
162196430
160299522
159849436
158222388
150718926
145646578
100265407
100042711
74308679
74167275
68491719
58916813
55607446
51540377
50699275
43163776
25442104
20201492
14328100
12107911
9979100
5549285
2579159
911355
385568
275180792
274175629
273600030
271378221
267098650
253313765
213926146
192203142
190843443
175097287
164941170
162844540
146872013
146121985
141367783
118124179
115129321
114778801
111223249
108693621
108535201
102878262
102767167
87584478
78498187
74309093
74163324
72877888
68659707
59480154
59242883
33229675
21408570
15063796
14078653
12084544
8142305
6493141
2917141
654609
276308518
276243438
274858954
274590333
274029935
273188043
272187167
271986691
270808501
270688221
247999867
188832700
186271043
184773476
175167955
170963038
169956184
164075481
152485792
128213146
95934490
86539325
74619391
73784845
58852974
57243183
56416336
50700392
42953037
19901553
15228994
8098630
5812635
4704655
2623229
1911371
1600057
1313905
636922
631952
276281863
276131002
273075154
270794747
268625730
248250895
200931790
199640113
193736472
192325645
183737004
179792021
178725018
174848651
162979447
162196352
155061543
140537916
132081621
123202562
118124173
104745477
104190749
77118796
74011705
65100080
58530142
49548212
34315218
26710011
25440933
13728683
12084506
7146751
4152277
1600039
1321075
911333
631026
630777
276177587
276152567
275904542
275353941
274990534
274884812
274791760
274711538
274600993
263990178
263394080
262851214
206488835
178034213
177518334
174238411
171865309
171044979
162196348
136855420
118124175
116804147
114414501
108252697
88992426
87703885
81406886
74362942
58805505
54418197
51659540
42895880
39514946
33768251
20532385
13566978
11254935
2984005
973594
631519
276308472
276284411
275969483
275443312
275140853
273544256
272254006
269246669
260847275
230038805
215539252
212440980
205622142
205574170
189336629
186299514
157061379
155674770
150565126
141792974
138381124
126945321
116841228
107970675
95939352
91120320
90752734
76048513
63159336
58053818
53831307
25443632
24752546
15149797
9848824
6759739
553373
442348
413646
389659
276291653
276257637
276176819
275970372
275866646
270691428
248764477
190645315
190641506
189683860
184449858
167939621
159886869
131340102
119252665
118797341
117147635
112728673
112289302
109510910
105621214
96182490
77700776
52880237
52779807
52006149
48186318
41299268
35594360
26752460
26710798
20637533
8294078
8142219
8011746
7264165
5535533
3928217
2626717
2493543
275125215
274175586
273503933
269137705
262875109
253295346
188712838
174449729
160601039
159885670
155800728
154695341
144269253
140537939
136855309
117175571
116194349
116120052
102866615
95497672
94361759
76795851
75738312
74448144
67195663
66528802
58488552
57046239
57045126
34278190
20711835
20199880
16928041
16616593
9021928
7609680
3950303
3490097
2869347
1314031
276175007
276125135
275829916
275138171
275085541
274048515
274023021
273533375
270988169
270976565
269889716
263696074
263494246
263054955
203015982
201569290
194449613
173836838
161456325
152837757
145031054
140333339
124107883
102824873
94118478
72525835
68512993
67544815
59356263
55895699
50699256
46644605
20650332
15795542
14758377
10839230
8729465
3950335
2609469
1581109
276255428
276157877
275493224
275026427
274763540
274033149
273503885
273402110
273297013
272402769
271801990
262878526
200841431
162196356
162148523
161256062
159725710
139271890
137238590
128633056
124716484
123202587
123202363
113394158
85257974
82921859
62361206
59495640
54864521
51543764
49125542
43177346
37974639
36368519
32236260
14082151
10073154
7758278
7074045
3271467
275396880
274940462
273060653
272398232
270811675
247324359
198341164
198058535
187008590
182985356
162971996
161002084
159241205
151621772
147815215
143226420
110953396
95011453
88253798
84878750
78975657
76779540
76559149
74026637
72082648
63524260
55389977
52280564
34923794
32971829
24243123
15922033
14620536
14276933
11521428
10208855
8837450
7954684
3470869
877410
276483100
276284395
276176747
276153990
275969319
275946660
274809852
274380589
273849758
273524840
273503957
270691425
262851249
252673886
186675693
184285545
165177336
162189693
155089081
148810892
137551613
137430246
121364242
119251243
118124176
115532384
114770389
109266606
108535241
108535205
67805034
66617926
55893367
48961747
48328344
15280843
13817699
2775387
1815257
1013707
276380632
276275658
276162372
275970381
275967617
274674064
274033406
271247958
267098654
263108966
262875091
262636777
204635289
150719053
150148736
121604029
108971627
89278401
78032039
77745077
77094737
73603441
58812950
48627056
42407813
41198377
35827379
30018829
26113983
20065445
10122631
9958090
8708026
7775595
4783397
3580777
2245103
1025060
878389
727584
275417313
275142925
274742588
273472648
252030763
250097449
247499090
229725697
213910960
200732037
198975761
198082152
182782890
177317352
150559328
139125881
136855407
132899423
127832106
108000178
107254883
104722012
104655988
92560202
74973204
72322506
67082274
59161592
58169198
53961286
34315211
24692543
17596174
12219979
10145063
3812553
2086187
1198855
869162
801356
277375636
276850580
276613012
275888026
275706052
275424417
275420003
274189517
273911700
273427257
272338862
271381332
263108630
247940648
196537795
183251555
173835907
172529274
162714895
160940813
146643977
144208542
139243995
126945345
116189210
114361123
108179795
80849867
80484163
73429271
70662873
59410721
50700388
50699245
24244945
3074967
1362447
1022207
690775
395428
275798238
274992654
274891442
274440748
274032786
273455565
272113577
263108948
198341163
195322402
186084877
177750875
173469753
166177255
160445824
159887827
155602529
155090048
145016640
142006719
135450202
127484963
109070194
108535200
95159523
94474532
72959013
59179372
58731234
54414100
49294599
49211086
44590368
41968033
32741301
28740261
22285282
8211890
4115549
1860301
276567619
276380443
275307770
274150363
273472630
273283338
270988863
270549280
267331096
247287159
205073081
191365686
178537350
177479891
177145578
176284237
176098221
175151980
160372033
153609844
151676675
150560460
128633054
119253138
119063730
118209733
108535235
99182018
73878563
72605826
68494302
54976743
44895094
35578322
25908153
24271575
12107932
4747619
4423229
1058842
277522050
276255427
275780074
275142080
274721709
255760726
254140392
242723664
188116913
183451111
174447599
173176515
149935965
132064708
125827955
117024313
113175420
109084323
107366342
102657507
80994699
77675089
76775262
75487847
73731480
73360599
72079888
45559087
41371202
39517780
16375166
16374953
14321022
12058282
9979080
3950279
2623227
1313891
877300
409956
276072768
275849120
275510097
274853690
274721109
274175573
273676615
273600016
272441259
253185764
252138289
242724272
184496493
183371424
174834852
173748510
123591122
118124191
103637250
102674935
91728507
75621730
72466083
59078477
55047893
53609476
48184914
37745284
23896044
20006216
19266134
14071904
13377041
10099723
8211895
7855324
6290301
4485287
3623479
409887
276524480
276400121
275145954
274032695
273546841
271162986
270846005
250020365
215910941
205822992
204877913
189696719
173883763
171810073
170780170
148714567
137841307
137020448
123929010
120111697
113959520
107492278
86589249
80222386
78907216
74332002
73170113
68500091
55086997
52527032
50519601
37526526
19550931
15823487
15134851
14422618
13060844
10018238
3892153
442358
276460945
276363202
276308526
276146377
275867463
275709459
274868074
272226901
271820188
262875111
261946348
254655122
252632294
248947151
202502346
200330257
192458634
182748548
173474888
168789439
163811129
153535076
144450305
119257566
115549866
78948234
70882604
67940292
59207279
49304291
49206362
46025336
16621050
16374949
12146976
7980446
7298423
4458437
836458
486403
276435400
275868106
275859529
275625674
275261273
274068683
274033354
273818223
272858797
271145271
270113835
261809312
257780585
253526233
248247177
220663172
185710145
164430921
161451877
158788377
132362880
121249371
120444850
116572190
96342615
85657618
73636474
59080318
58898376
58421007
55851733
55630156
48564061
34719767
17020549
14913710
10398885
6906675
2738533
695133
276674540
276500077
276018032
276009644
275967976
275742818
274991103
273953209
273826065
269848871
248788501
223821078
207281508
196197231
190863526
184415002
180848034
160672549
135111727
106863137
105629974
101307622
100930168
95738221
77156720
75586313
75321691
73768303
58937349
53134937
52108780
48323971
39301439
25068550
20834691
20315732
16837702
12063801
5202931
3830469
276962336
276618467
276524520
276500933
275208937
275143714
274761468
274442894
274184763
274090414
272250147
271744846
270874166
270103323
270080998
253363954
205905494
202854195
181810188
162844496
137228184
130174812
100067274
96436704
65493315
58050641
50297021
37651735
16752619
16620428
15778306
14235943
13984821
12504675
8142279
7797841
7541267
2791793
973576
695166
276070180
275357351
275125237
275022799
274043265
273825641
273462114
273425551
273355445
272396051
272189834
263108798
263108590
263072193
253319413
243399860
207194609
201110801
195478559
171574238
167019461
133105983
123353280
123202367
121244071
110959643
102600679
82403342
78950820
74151862
66076758
52131518
48984856
37508996
33608230
28912280
24244982
11665320
6246033
2701441
276582293
276460933
276400215
276291403
276291201
275825736
275703564
275418431
275224520
275044149
274881727
274872993
274057073
273083866
271504635
263396667
262891557
259858097
253309937
249802073
217734926
205996986
204004342
203444104
197646975
166084645
136997305
130337248
129917318
126515381
116882119
79671505
77589831
76577395
52433320
27566846
25699125
21181867
16364383
6738207
276436999
276152788
276122452
275588620
275569704
275465023
275432528
275276415
275145229
272450502
271290903
271043358
263438184
263108946
257454534
249003768
235884884
222215487
210145114
205072716
198898116
193150726
170338459
159814287
78510734
76262989
70567440
68832273
68099762
68090807
68090202
59063860
53597018
15402733
3642135
1750835
1581117
1187205
558030
453520
276090446
273188060
273151454
272187168
270853010
263108760
230038800
186434447
176286372
160308344
159887721
151676734
137559830
137123054
134592238
133711459
132817588
131194809
127796696
126945376
117084890
102047697
91390820
75573640
57333059
52663127
40929909
33761260
22137913
15655877
15655090
4423591
4251799
559928
522664
505915
486653
472526
470417
389626
276111944
276022715
274779587
273730052
273398528
272272619
253069659
202215321
175097328
171044977
166559685
155367016
138040684
132367912
128125614
118124189
113496169
112729017
108535222
107100493
104466473
98678295
87457506
72555195
70127658
66786807
63511644
58916736
52250193
48385538
46842427
45317173
24557643
24132945
11625471
11212886
5136743
577147
568830
553383
275281178
275257878
273674195
273186025
273082375
253535931
251266026
244167354
213704357
207317380
196527302
196337083
193583708
162036685
155382067
143222291
124107851
123929019
98086015
97094057
95150406
72790654
68649544
67445181
67110418
63690465
59197867
54585579
52599169
46610987
37545731
15148542
8142283
8142221
5325125
3840461
3718831
2028327
1325569
472714
276122402
276032345
275028397
274173038
271518261
270794871
269895644
212036619
208191845
190645308
189658649
188659789
186094966
177280390
173835936
159887105
153806911
140333345
132070687
115111316
114778810
113775375
92499677
87873136
82669258
77013590
72526969
67195678
58806931
57303258
55994079
54619722
52527045
49524363
48623617
20363893
14134798
9979096
7548593
1313903
276348893
276256766
275430838
274852820
273186022
273069954
272195233
270481228
205071990
203012934
196441756
186517462
181918608
175806926
171850591
170768436
164588102
162196350
140537763
117377654
91003282
77031827
73637331
73438399
73401906
72888570
55564097
54640518
52347336
46703629
44666420
40888004
36557161
16831937
13933311
12084558
5924559
3881747
559662
470626
276380733
276335039
276284392
276165309
276130279
275707246
274153257
273786732
273503928
273501959
273410861
263083497
198076584
196473218
192391715
175814558
174045175
173486864
170779608
166767578
143174575
133542110
125608918
91369747
77675093
74192960
53381306
48898601
24606303
20201723
16440156
15175140
14051440
12509393
6522905
5136745
2870185
2790345
1313875
389598
276405575
276183110
276164551
275970391
275763469
275693916
274814880
274411196
273564866
273313782
271244285
269204494
195986510
161454643
158719970
141678009
140440052
133859187
132286262
124844978
109628814
108535195
102577333
95161955
95160963
95136275
95131878
88223765
82403069
81408178
76828375
76197046
74246900
59286128
57281829
37289674
15656288
15655918
8142299
4424813
276375189
276084581
275984605
275710724
275414946
274746094
274566414
273532180
273454829
270860425
263795515
206378437
203022763
196897054
173381831
172906093
167039980
158006134
157027735
123545278
119257391
116148009
105691696
87358950
84783740
76137186
74257575
59168970
57713504
56088213
46060478
36261358
24786813
21481196
16592362
10398951
7412545
6330811
522736
522730