275401052
275058076
274842649
197500041
196002059
193554172
192772392
192155106
187657723
184906825
184816905
183791755
182774352
177680830
173802521
171788051
171762196
170601088
165092013
161390143
151952470
146517662
142244992
127049961
115240244
107321696
102808427
94685564
90523616
85698834
81084127
78930717
73591804
70821071
58896162
42832894
22022072
10708288
745469
710902
276555560
276101277
275405848
274847891
272694932
271987523
271163890
191800394
189885774
186364165
185271864
184415829
183338620
182301408
179234845
169218891
166474859
137527486
126823062
114661088
111978922
110290360
88041537
87895768
85296314
82961526
78965799
77744088
74491832
74488873
74258075
65419924
52582741
51564423
46325529
44270279
26341756
26330015
24554545
7462853
276409364
275600427
275335390
275163472
273640384
251078057
217728229
196788353
196727913
186555452
186156816
185949127
185910043
181122639
179575196
177945884
177535084
173731769
167472202
145627017
137953987
126890607
126874773
104958504
102810385
95444586
78022701
77744773
74380877
70861498
48161461
40775154
23085106
21281467
17956340
12208064
9431921
6486773
5119265
574373
275904531
275820614
275348997
275253697
275199612
275142041
274990979
274795965
273062435
271474115
271318615
259542859
253324959
253146971
252662920
230218247
225918509
217219088
214093777
200032406
197418521
195676922
192583198
183679770
175413559
173404690
163576573
158097778
145627465
127192371
73228108
72902732
72709430
72167877
53082048
45841146
4891137
3491723
2297015
2229719
276423356
276294864
275724029
275351148
273984457
273269030
263987571
261822698
204875405
197620945
195129187
191575965
190707423
188783728
183335586
179234189
177971750
167469507
159299538
149653149
133811312
113073120
111868814
110291200
77030279
74446357
50490162
50448609
48358126
43123016
35314613
35042419
34240769
33141046
32215972
10186846
4720129
3671287
2298295
771419
276457647
276003345
274871219
274828945
274357111
252912221
217613513
208293697
203467832
195687692
194472995
194041528
191977754
190701837
189885668
189480752
186860669
185978071
185947268
179554923
178006302
174023385
144505664
137128040
111869058
110698265
95157293
93963284
93181764
89251403
84719996
72282319
71548903
68752056
39377570
38064939
23028656
9797956
896407
711097
276605657
275287268
275246442
275224261
274192915
273558452
272828259
271983299
271793657
210442060
197101534
195694496
194496864
192710343
192134398
190635365
189946785
188428146
186578774
186150130
184505940
171574599
164241088
145619638
102753515
102085471
97886662
96272623
77531765
77052330
50393221
49124279
44472626
23418098
23014395
20823436
20621536
7462489
7459979
2297105
276120629
275521940
273899346
273183630
272904595
209379444
207011340
204639323
198768648
194041830
192630380
192546911
190551582
189473456
187156916
187009931
186639841
177975635
171777067
147942502
147442516
142140877
105071290
97651443
89751462
77963388
77326476
74939479
72130801
53519628
48411791
34467537
21275929
20676975
20234663
9949242
8857283
4210881
3006993
2538137
276333374
275508114
275399649
275249439
274603327
273506178
273358095
273192140
253111649
242430069
216113804
196671854
194959823
194140411
190858784
188969931
188927456
186156534
182105974
180103973
180103221
179583913
178827020
176790925
169339506
160148239
159299537
126699572
93276711
74884017
71340057
66233031
58477702
54159671
53792597
48749358
44270098
32081189
14990777
574376
275287341
275128264
275087645
274807234
273901497
273179956
271987512
271693244
271163997
261808940
249200898
248785358
247271372
242488470
214710805
203468708
201847246
199570700
193459817
191628801
189462382
181787698
180576287
177319087
169331134
163928160
137951164
126492630
87043396
85050973
70836194
52126458
49126213
46276156
38076221
34822578
21199074
13316883
10187501
9732299
276332682
276330937
276069010
275768807
275020387
274336470
273506360
273380997
273356690
273190385
272125177
271339715
270211900
263974881
257781384
208404962
208299655
196344507
194794333
191576208
185904831
180576923
178514321
175887647
167416470
165250774
148549607
147965437
145627104
145626742
115130991
75759447
50910665
42699756
38304468
32402337
20621425
19741042
10169434
842296
276290689
276129058
276069411
276058946
275482351
275287541
275196871
275113481
274566868
272076731
271369550
271333233
267178223
242019690
212561048
205413252
197409678
196382113
192553758
190539169
190319412
168069730
159299551
153978993
126897292
112085286
71536310
58362992
56867623
56531302
56527113
54716817
44472717
34237014
31698289
29397883
26344061
16932501
10230706
3491735
275503070
275287149
273571552
270625665
253043960
198084615
193136877
188427287
185908379
185850282
184332883
179234674
177274300
175212137
171586345
164240670
147943068
113525847
88825620
78019850
77059244
73871254
72094674
58900258
57127803
55665984
51421798
49634383
49251991
42090891
32460218
32366586
20824965
20421035
20234350
19748017
12135093
4209859
2809369
2698837
274952869
274600143
220666782
216379232
197496423
197174003
192734422
187621731
186579174
186351916
186243212
185945565
185240175
184249588
183054325
182105931
179159801
171574323
161897365
144738283
134840915
96183901
95175079
90503387
87910864
78551394
74858586
71721534
70573940
66632090
58699493
58134868
50278078
35612570
35189065
15479179
14044923
11185221
4927439
570489
276552415
275706288
274895205
274567169
273975500
271542132
253145813
249991570
247855942
197651026
192032291
189573973
188660238
187502116
185002979
183336643
177888938
177827838
177713214
93234192
84998174
84440323
82939706
76017141
74163434
48224308
45468604
38440078
30027193
24496785
20953930
15513854
11423361
10760422
8575130
5839905
3958347
2229677
1022957
570490
276246891
276085388
275888481
273420950
273177951
270113768
252773239
197649776
191465787
185967603
185396755
183907533
183555832
179980786
159439100
153814878
149964632
147965857
147943281
127046673
111868942
80975450
74859965
69443039
58025051
50476901
45075517
42432153
34819245
33395008
22815594
21307965
20238949
20238711
10171356
8090235
4351881
910674
646579
564603
276316105
275610582
275517691
275349404
275021925
274895178
273217210
272496836
271420120
263035274
229772800
220666846
208766204
207389941
205918115
200621700
192532490
190859173
188481899
186067667
173864335
169467226
165789191
158900664
144759822
116296335
70115891
58400494
53750706
40420977
34274052
26081217
24181466
23028602
20226153
13575973
11212184
6487281
5119899
2809321
274071064
273908636
273829460
273674079
273664686
273119567
272238763
262698914
262054351
248739871
247956150
229726268
217561485
214500649
207892692
198559083
195791131
188471948
179799989
178034688
174217749
170813949
167953710
153979092
152785729
144189723
135651740
112191397
90476326
74492950
70031915
58473833
10317836
7459871
4210005
4015331
2298753
2169723
711126
521639
276069042
276065805
275610520
275496695
275151123
274507012
273674035
273466669
273232138
273046639
272058554
222703393
212474771
208632953
203765575
193004961
191777799
191770481
186242698
185970526
181789132
174665640
173483855
171581183
160314954
150935223
145629401
102066729
78889340
75719081
74445487
54014120
33392256
15512269
12208229
12134659
12133237
7430633
7430547
4049363
276330973
275495480
273987135
273079632
272273299
270978748
260919952
253149155
253052536
252588552
249156643
214657976
203763467
200793315
198888541
197749004
195870603
194807926
194455149
190691602
185970826
179650140
179371658
179206477
177827833
171761612
153506364
146986038
127058201
113833879
89426659
78917794
73368117
58374882
57138134
48225127
34241547
19808199
16990689
2298707
275413955
275152538
274086152
273438482
273405800
272032221
271982471
271366125
263643389
253329623
251917429
222716015
208591822
206360988
206052844
197636758
191449551
190857650
184252647
178785789
139234157
90240597
84723437
70738517
48288618
48141575
44477326
32721533
22754233
21266406
20241668
20148147
19751329
10230717
4080537
2229715
955408
771417
710954
451973
276614515
276607874
276039224
275719226
275214866
274725469
271389609
270266881
263693423
250534058
248655827
217561388
216379205
208071331
206289442
202771231
201106219
197296878
196048056
195122894
185395286
177259070
175647431
173652365
171762214
168064356
146649571
77323577
71318142
66671899
52580089
52296405
50025604
42623547
35483119
34624156
24362093
19834242
2298383
646557
276385248
276377135
276085631
276085624
275882770
275287460
275284109
274895204
273569862
273158180
272364690
271474184
263114700
263033929
252389339
251170277
248656053
203861592
203146673
200720587
191925872
191330272
190335882
179422211
171574040
169467459
118007288
109654712
86613160
72001076
71322475
62388351
56442884
40768751
35042206
31521047
26416041
22283532
15989589
2538119
276625355
276625247
275827010
275358891
275307165
275088141
274943894
274156811
273595708
273493763
273151601
273129408
272242800
271492945
270625689
270214061
252576355
242650633
208677826
207936011
203146469
197323095
197294467
195306823
191924037
106046088
68688214
58364718
52580072
49253912
49109898
48149396
45859740
34465017
12300814
4049483
4048799
3774951
574374
566280
276625362
276625220
276070682
276027245
274447806
273852353
273062151
270447138
263060356
260673153
253360708
252662849
217748844
217535841
213950040
212561916
208261167
205985853
200705166
200703314
197528985
190860872
190747300
186608765
184126082
177713236
171777107
163120570
160753875
160315047
114245619
96475548
90368370
82121121
70020207
68820518
67660688
55998568
11340060
10707349
276027247
275852572
275770075
275351179
275223684
275019406
274608647
272328016
263389266
253146707
249875935
248800088
247425503
220666710
214502874
202344185
185967744
185710044
178099293
175655363
150947066
133158603
131300088
97925706
95732659
93233738
93182300
79729017
75756611
68188389
54803602
47476926
29251210
21313069
21203143
19503067
10230639
5464845
4080975
2296435
276616022
275764494
275507562
274797993
273880652
272843815
271519749
263693619
253111548
253110422
216115007
209306409
197528905
195854390
191922052
185261014
179913059
179749980
177816075
170112863
164593644
147943342
113619483
100317101
96621714
89221572
82894952
78918495
77051087
66090338
59378724
16261033
11285203
7377711
4956179
2289721
2229661
2118731
1028333
565554
276238292
275732062
275493631
274951379
274831245
274595603
274359303
273504186
273493894
271623213
271100853
270848750
253196164
253149261
252398599
222296966
216210575
204249392
201036066
198058511
194783315
192678426
192583987
186068998
178027501
167018742
144411302
132371800
101255561
95056417
94157819
76224416
70567851
66116557
58313048
57183413
54480206
39557489
32215894
21572147
277533797
276684843
276362885
276326538
275961112
275919085
275202394
275089645
274935068
274795952
274324650
274149901
273548900
271544151
271453866
271453674
270104338
263987904
263033839
252313647
250721410
245970016
214940622
207936081
207341489
196159039
188416028
187828597
179401635
160315058
111868721
72506909
68725413
67222707
51054350
21196721
17960312
9798592
4259501
752174
276619535
276331065
276282343
275283013
275271557
274667656
274364482
273595365
273331078
273179651
273076756
272392712
271623290
270907306
270068210
252158615
230044286
199244647
197410911
178953466
175414035
171573411
165588224
164554574
163120686
114433076
108231089
51132558
48703573
47104832
24855409
20742805
20240972
16754604
7771305
4670243
4380509
4207995
847443
771423
276022804
275088592
274953142
274795951
274359213
274324290
273822873
273400070
273026704
271437842
271316217
253329201
248947053
242784736
225231657
213584303
209319766
204297975
198192808
193146618
193129340
188620976
183350233
177805069
135628142
89295071
82553826
70738648
57827056
57316181
35579070
32721589
21572173
20412160
20231741
19614560
14989744
12132954
4420473
1028331
276070189
275909446
275193343
274149993
273406843
273291234
272987606
272375784
272032141
271436734
253384895
252784092
249258862
248792284
248754731
212562080
208506289
205499001
190842085
179944077
179921801
177911920
177831998
139682286
115358784
114431615
113583744
82561094
77628652
72920612
71336336
70838495
53519523
40428997
38424308
17960273
7079767
4258203
2296979
2229617
276611898
276343929
276086682
275991415
275467199
275191523
275147835
275053602
274819402
274729093
274157793
273957950
272912216
272362643
272050016
271986152
263591133
258369934
251545467
243025150
179939175
159439221
146663026
144973007
112637070
98651440
75759418
71175407
70823250
69936361
59378578
58014772
48963652
23028746
16956751
11187288
7006729
976121
771418
752173
276101779
276085629
276069038
275824903
275820699
275273350
274907799
274866612
274837187
274324439
273793147
273433909
273273376
273263626
263591331
262699377
249997185
249011715
221744298
216926334
208529062
208305868
208303089
208077713
185966884
183777693
160754532
153814890
127190275
113899153
77987579
71693504
58374014
48136976
20824946
19696332
12133995
10969558
2809641
836292
276651252
276501851
275807002
275421406
274998685
274993961
274871339
274672708
273504537
272308340
271088525
252673851
249952917
249156423
247796308
246551847
224259128
216354279
216210647
212474358
206851228
205273444
203841893
203803252
197635548
185967361
182315763
171752946
171725353
165789238
147723551
101721970
45468785
42084985
34239896
21020374
11109562
9796287
4258331
474135
276527540
276471147
275626540
275294042
274800569
273897318
273698488
272113058
272030136
263020227
260814813
251253380
249214113
249153324
242808407
214637646
214010013
213706504
208253209
191576765
191478042
186157192
181113176
176485905
171097428
162122682
158397884
144799992
136952268
131903652
117929393
111868852
97824860
92020053
75760811
56342207
53449516
52851510
50779946
9347762
276455002
275970766
275749810
275610737
275458829
275244556
275192670
275030280
274925429
274895177
274796008
271448911
271377446
263056529
252673955
239690384
217318055
217206100
214595302
206205770
197597427
197535634
196522487
195756358
192117272
187507643
185946615
183348475
181806529
177914599
80047066
74157418
57822087
56347362
56029673
39547741
28731450
4080687
1642591
847445
276107180
276075549
275820791
275287029
274796039
274596307
274365500
273888418
273450882
273399545
273027232
272162328
263696690
263589811
261982972
253147044
249006059
242406057
212553341
196176551
196150939
191586823
177056981
176582021
174919705
171776913
171759478
167469136
111868935
70845014
68820882
57822012
57685440
48513083
37941249
20321892
11085281
1023019
647730
646546
276356975
276070494
276069058
275380685
275287624
274998998
274964932
273698299
273678187
273510163
273186278
273024086
272905310
272860139
271492958
271415998
247855886
245771364
242500904
242101374
199730857
198192788
190726132
177920273
165789246
148843567
136118792
97777046
74449869
49125692
45597219
44472755
44472541
32721398
26291487
19474874
12133714
9871982
2229649
2229621
276618946
276527512
276161837
276085966
275820678
275194599
275121861
275056361
274964553
273821520
273650331
272133604
271692974
271461464
270172361
252632200
249150968
225220569
215661269
215039734
209303841
201004395
177319118
160788306
143591686
94901381
90735531
83677687
79325402
75718627
75581239
57444103
54043362
53450996
52811980
11185649
6086733
6086601
5977571
4353279
276107187
276085919
276076945
276070367
275937435
275840501
275820704
275801536
275551086
275172046
275087400
274827293
273951463
272729546
271436751
261992936
251520809
249092790
249004786
248762346
247823528
217189900
212470041
208915525
196144343
177319093
175887035
166033942
164346152
123953218
100312480
100298997
77655404
48215049
45336112
44457215
38452883
34226398
13086000
7937334
276318743
276285577
276120040
276070505
275780053
274910449
274657888
273664452
273471403
273399643
273178121
272728024
271448847
263697886
262699348
257844940
242760292
217773919
214887256
207936083
207936056
193607559
193597672
192812452
192583890
186814372
158397864
96313524
82964340
72885997
53451518
21560528
21560139
12135358
10969567
10230627
8816873
8158723
4352383
4209833
276503226
276392548
275604353
275601958
275399599
274060293
273958831
273647540
271956032
271523088
271519310
271453253
271395973
271378855
271378396
270113560
261983370
252385849
249927677
247863474
247838776
212465454
206205238
205852309
205610488
205490052
203853263
200724607
192134657
188785062
181782379
181752255
100428781
73521796
50115017
35189051
26089406
7462917
4352993
646547
276639037
276599088
276236015
274801386
274796079
273250075
272496869
272124066
271984177
271517814
271455647
271387652
271144158
270174431
270173602
261825850
242439816
220823998
212475058
209300286
199250680
197907277
193887314
190530935
188409113
186211593
170601109
148844088
136119028
52241790
51252654
50227434
49128733
31822335
10230684
4352533
2252991
910678
565573
481273
276630644
276025958
275601085
275301819
275193116
275181749
275180794
274942043
274935041
273928836
273379865
272239051
272187173
271314533
270480719
270242561
252008166
249153628
248932252
248724168
247934710
243741449
242278835
208764576
208676879
196760068
188688380
153978943
153978631
130070132
79325398
73856545
51145656
50227703
11115475
10168352
10063925
4061639
3888531
1022915
276369859
276067439
276065921
275197714
274645855
274192091
274161768
273454159
272362603
272059216
271955915
271779591
271453095
271449452
263600133
255294526
253196137
253149144
252884917
249997163
247518355
246164020
239144712
217489533
207023687
205497409
203404274
203146635
198383134
189538847
171096518
122829220
106684646
53524018
41227807
21281385
20113449
19605681
10969548
8572509
276231743
276175435
275287447
275001999
273946469
273928940
273355156
272133500
271995651
271994409
271793418
271120232
263991010
263585181
254184944
248490457
247983514
247942634
242154775
216226690
215126145
213497061
212471311
197193540
196757936
191316570
183346124
181114309
173846634
148843059
111868804
109792781
13758881
11248634
10827260
10230767
10230652
6763969
2229673
967590
276368241
276289545
276282280
275903312
275769756
275358675
275283963
274946911
274801888
273897922
273675146
273405777
272871544
272348514
272242625
272120917
271959009
271955614
263697009
263696502
214499784
208252422
207936015
197597734
197497089
195806477
190502544
188427849
172457131
163283073
162349276
158397872
153979154
98039388
84785915
15375538
12062114
7460811
3006995
2229665
276070527
275972737
275820608
275498757
275420477
275028389
274944156
274911033
274854033
274090332
273876638
273583848
272318772
271625691
271415966
263695840
194811974
192135720
192117399
190858637
189456989
179551939
176902480
174531679
170266897
167410361
127193748
121101368
76016009
57650907
53998775
53449251
40767110
23154071
17960157
16943347
13304543
4210831
2298539
2167677
276246381
276230534
275697890
275587242
275348613
275287214
274149974
273902586
273399314
272496860
271589745
271032767
263691655
263338038
262876287
262734665
253361901
253194885
248986117
230082748
196813404
192549032
191824376
191351015
188322422
178059419
177518540
174531703
161345540
153978779
136131489
127493407
57140469
56989932
42406981
21933948
6997615
5003609
4774657
847449