276559198
276536922
276515327
276411458
276410628
276250878
276166741
276162093
276110349
276110276
276110023
276109904
276099688
275913708
275773451
275589387
275510578
275492145
275307093
275295008
274191773
274171148
274101262
274101255
273668660
271128271
270975124
252586291
217706932
205815576
201067649
191350420
184059211
183330021
181928619
170727266
170165701
163914808
125182567
118139108
276641263
276639232
276448920
276440892
276274790
276167489
276079498
276074109
275773463
275589968
275588494
275571990
275510579
275496965
275407523
275362333
275295006
274904904
274638430
274544634
274542883
274542808
274415640
274405521
273990229
273872197
273664463
272222033
271362153
270794184
247427990
217505430
204237269
181977398
181452535
164213695
118486668
118130919
23142193
11802138
276523733
276369646
276281988
276246838
276079491
276079477
275919759
275916954
275776790
275774747
275774238
275627388
275621214
275386649
274638556
274456687
274456447
274378214
273653444
273559020
273454566
273440662
273412211
273252926
272850971
272394241
272348047
271954384
271798615
271730109
263675862
262516014
249178196
248005118
230203067
217645692
217548686
193366048
139632023
11251770
276508788
276421931
276314708
276146399
276146274
276094665
276079503
276062770
275775340
275746497
275695395
274524050
274516951
274392442
274019962
273636845
273610105
273430216
273373420
273360836
273227290
273186334
272273680
271530789
271467653
270504848
262908601
251448280
251407092
249169833
249143473
248762051
221518066
217276360
196197701
176909016
147969070
118100164
91281318
4048043
276508771
276314665
276305472
276233228
276150016
276123744
276079479
275776157
275621450
275386982
275108186
274869053
274560616
274364026
274361820
274257669
274099409
273438724
273438458
273366296
273258825
273185467
272392928
271235147
252884859
249782771
248929458
247730209
226552005
217505504
188030974
181928208
181927774
181927736
173789184
172537996
170727305
118102328
117929538
43924153
277409699
277360329
277315392
277063012
277039291
277014407
277005407
277004858
276539826
276529979
276465090
276245615
276243442
276147893
276123622
276104423
275773881
275773434
274639765
274374725
273258830
273232944
270707514
249168949
230157205
226946394
198868735
181928189
178311123
173387789
170165658
164318603
118103703
118100268
117929342
117347869
94453667
53380152
11251711
4048581
277512611
277465334
277437876
277360073
277356569
277356193
277318417
277311651
277280378
277184964
277175955
277164948
277164766
277068413
277049062
276944892
276802409
276745570
276500230
275774447
275773562
275772973
275618846
275335546
274524033
274507025
274375122
274156763
273553649
273231495
272270730
230155305
217640502
198203859
181927801
179547641
164318521
29440849
25949745
11251951
277512620
277499293
277490201
277487112
277484785
277384976
277360976
277360579
277357126
277356914
277356031
277311630
277184973
277175972
277170595
277164932
277065642
277041250
277030799
276976267
276945332
276944868
275775887
275577204
275386465
274516245
273947792
273684137
273559306
273029857
272328188
272241346
272238679
271234313
214756058
209872337
181927718
118146255
118124199
102620086
277466537
277356260
277326226
277315433
277185998
277185947
277185786
277175913
277164944
277041303
277034393
277005367
276925932
276614493
276448816
276323370
276046675
274960070
271329051
263798932
252884932
203661802
198868573
118136229
21317020