275797120
275196131
275171088
274694357
273124552
247241493
192208694
191975880
191629807
174593821
146012358
143741572
142459136
138481685
137805214
134561311
107360880
100625195
78020993
76283023
76181490
76054860
74561661
74547194
73312665
53080935
53056161
42561594
12404568
10001369
6403893
3054369
806672
754249
618526
511960
465219
416990
416978
416625
277497521
276191594
276073868
275670328
275621669
275445370
275190023
274402217
273695405
253721467
225288953
194134411
191918608
165588636
157504855
143714177
134641513
134559638
121064379
121063802
107058325
72680847
68308284
66792707
53257028
11407472
10001349
10001324
9966450
9845151
7130317
6964171
6909331
708026
589301
561879
459739
459201
419320
416911
275961342
275856915
275621665
275191477
275175365
274442078
274402602
273408417
273395255
263266008
193247921
191689321
188040084
149485922
143105681
127377591
124895610
120533324
118989088
75995177
74975883
74547151
62635676
56248606
54439144
44012841
42561574
42561568
35920722
14380739
7668907
6817797
3831591
2045567
476059
459733
456506
456500
456497
417018
276416411
276081880
275906584
275621667
275024956
274931094
273714191
273544772
273084843
271266740
248792234
243034346
225303430
225223011
212558124
203213313
203211116
196988056
195556764
185340023
164250802
127668958
127322940
120553752
120484511
108924121
81509771
74883580
74309855
71893664
57043010
26061584
21709688
21477056
12404584
2901371
763675
561924
554426
491442
276073814
276043733
275906318
275764465
275621663
275541040
275459017
275379339
275235912
275190752
275190388
275189884
275175857
274748068
274610997
274365707
274274897
274046508
273715661
272989304
272167314
261976274
214160066
205973673
204428582
200024178
184121467
153597851
141260215
98870800
97991447
71062304
42561582
26039308
20616291
14991077
11194483
7095625
2015907
456510
276152783
276067096
275984513
275958329
275955794
275940944
275833632
275515236
275269201
275237664
275073647
274147443
273351055
273048129
271439340
263052403
225216948
200027902
200007550
192156146
191950013
121242845
106235458
97970440
87128621
84190080
80802851
59392986
16392587
12404601
11100482
10001353
6539103
2028765
763155
708883
547563
511996
459842
456525
275671222
275465550
275452721
274798915
274382473
274147427
273187555
263440001
249052944
191829340
189460846
161298085
140107134
137741171
128134223
121063550
120562531
119326682
107361127
94173532
75590201
74342340
74162456
67179382
58583531
44012580
38323087
31262507
27933205
26029837
24635126
21237758
12071752
12071716
10001330
6410735
562293
561957
459843
456516
276065385
275962511
275538760
275196065
275175751
272360121
271421744
271266352
263272382
251999091
194501036
192713754
192549132
188446296
186876422
183377486
178313937
165667261
131536178
121242419
97990990
76030024
74857633
58669073
53830735
31889294
24012824
21861209
14379439
12607712
10001373
8018484
6997381
3717809
2045801
2045801
2045801
2045569
561990
456521
276597549
276074011
275940104
275867088
275752039
275662684
275401709
275246760
275221694
274036353
272355716
270906218
258368886
214495467
197190455
194033679
173380884
157161281
148810381
145309902
124742926
122095199
113331097
86143010
85754942
66930382
59204350
42561588
24415948
12071724
10001382
1939921
802598
575388
514323
509716
491455
491362
481625
476063
277497700
277497666
276861755
276191397
275833666
275288865
275195651
274527319
274057334
273331147
248184839
200815573
196951097
196562378
192548075
192304040
189169406
188008846
182095566
172960109
157161265
153547112
151994589
145232831
134583939
109390724
90474865
82101951
78913140
72689407
66566653
56190273
15507113
10683352
10001355
7067793
6403989
3556169
1822419
1403987
276504703
276399370
276267734
276191357
276063043
275904604
275786112
275281459
273521012
273127099
261823017
253184063
247718885
246163295
191921700
190792429
186000515
143714075
109555719
102156839
100615783
69196844
59072144
42561566
31521631
27609946
23693658
23620451
21089128
16880726
15270539
14379221
10001380
8114282
2045615
754246
459632
457264
448538
447634
276168325
275928132
275924437
275869939
275442192
275342390
275269583
275177889
272400934
271143826
270248487
253377696
214050026
190782369
185333012
169479395
161461364
159439257
143106126
136684737
136594199
136032838
135420078
134579747
126821411
125432770
123482029
121242205
74561265
71070845
50743513
49728912
34688302
11417001
8240482
7748844
3717289
751218
491069
416914
276329380
276006103
275175374
274929062
274542060
273310700
272210206
247420749
197604876
189463943
185999081
185998140
185922577
173640721
170943364
153911821
150656174
146365385
143211193
125433185
122292178
117095527
108843366
47514139
32303882
24633993
24366737
24005291
21711702
15055656
10001357
10001326
6910261
3556013
2302081
2130041
561953
514864
459619
416985
276552162
275975272
275738208
275646565
275500404
275191606
275190818
275028938
274801408
273429231
273425749
262887614
200027049
195999071
195714841
187311429
181779554
179539838
172941895
147964677
125434066
125433362
125433073
125432207
117094248
117093340
110317258
87393353
80994611
76198752
52489145
46178917
16397909
13150843
10816176
6452545
1991139
1830519
709035
514319
276191379
275940965
275671411
275587889
275459025
275402122
275175795
274680692
272965229
272915499
271130195
200028389
185998199
179990965
137171512
137171376
117094036
117093528
117093445
95564303
77947090
77013436
75640214
70841912
59428911
59401904
52089472
35495443
24881672
22050384
19858051
14380347
10224162
3556747
2452855
491431
491380
459600
419322
416620
276432160
275869525
275836349
275765275
275713570
275702161
275659263
275614437
275510574
275504756
275453084
275238446
274996762
273380098
273379360
263973898
249935575
216283688
214799771
200027822
200026682
200009532
186000532
179735149
162840703
137171023
127377454
125434070
125432326
117095152
117095107
117094357
112104429
83491573
67419385
60875322
14977458
14378865
12221574
9669960
275738613
275500171
275495104
275453386
275235960
275221517
275219916
274771533
274097347
273872544
273715896
273653904
273483825
273283470
272915386
272895154
272375186
270663031
270105564
263982070
253358928
243034598
225216966
213959217
200025795
198301591
179509249
143714225
138480635
136029615
125434083
112495255
101217807
95650953
72042710
67106618
22551346
7066573
459731
452576
276378910
276146425
276021234
275927377
275189368
274643985
273948584
273715413
273663979
273501705
273197783
273002756
271492524
243034636
187770519
185999265
168372008
145224778
136594546
125432462
117095386
117095170
107471624
107034556
99998451
99509948
93239845
86143775
77117709
76186679
74573141
74559331
73256086
35339655
29837913
22385913
11633356
6816557
3628289
491472
276513769
276366370
275827275
275786096
275731801
275583768
275583739
275583738
275483445
275358182
275266810
275238731
275219106
275178608
275145728
274687359
273747303
273391121
219163708
197192611
191691771
191575640
189371238
185999717
185024003
153912876
144505426
121242465
117095169
108590741
77987293
74686383
67982880
57268501
38220591
23106811
21147317
12222090
10697849
1406949
276632232
275583766
275583749
275522589
275455422
273329318
271555404
253096916
192230474
192210428
192199747
188406988
187188651
179795350
176219900
171729035
140579259
124697294
124330973
116723243
106318753
86123397
81222214
79587006
78629390
73166020
50015598
44003475
31129176
26337026
26053912
16387290
13566317
4064261
3133135
708952
562364
491063
464218
356387
276527962
276340932
276043651
275970332
275776698
275645278
274765377
274616674
274508533
274160114
273747677
273679076
273271980
272309277
270446265
270445816
263950140
247719163
177526513
177455788
175157313
158461903
144535687
115845662
88911849
83921674
76688114
73937067
73199665
72785262
54686649
50015241
26337276
25445302
21405896
12404622
12071726
10073447
2903577
1677979
276624190
276370565
275583764
274799810
274793942
273274789
270906932
270247682
252172447
247024105
205817244
196157745
196149902
192567645
191387775
189572223
186253375
185998882
173855212
160445791
159439262
143967207
137907317
134947044
134361927
117093879
87393332
80968303
79267421
73985570
47362057
35729811
30034644
26140236
25552398
13316131
11263927
10001351
556922
440100
275940495
275279196
275213629
274189610
274147526
274100812
273949286
272837816
271423339
270883153
270463850
251404011
196948702
196411132
192545396
189193960
187578171
186272654
185079479
179991895
173832338
146563301
126091188
120155085
115746488
104069850
103354831
91209419
87010695
77605790
76182673
67257699
56606226
51845073
37887706
31238288
24801234
7086541
6841341
491127
276370320
276073810
276047327
275940439
275850072
275646232
275306939
275198113
274378954
274033223
273309325
273279238
273079681
251404025
225960182
213959826
211312699
206307542
204644990
200752653
192564935
192561146
192560052
191651969
185591895
181120107
162102883
159871594
159439256
157468943
155879762
135001322
116723706
56962891
56105692
52144763
44022092
20410427
7736571
356371
275859546
275602042
275341243
275269577
274991042
273406996
273274857
272270611
271286209
249033052
214863343
202330045
192641424
192295851
191894368
186136234
185999641
169464950
169198565
159439260
125178715
124483882
114441040
111635666
100535624
84757379
71174471
68828151
51029612
48519954
45620327
36593397
32946244
21162350
21051381
10736184
2086087
990751
452118
419310
276886597
276370394
276158126
275611790
275588361
275538937
275304480
275210128
274442116
274372935
273309229
263058499
262640532
260933397
252174127
252174116
247656002
243252524
200008489
195103545
193282518
189460619
183056483
182804888
180863864
179991482
178044799
173640730
158490007
148027005
145554463
136979185
74311543
73390141
32800897
21891131
12481716
12108488
556629
459628
277520747
275708531
275664761
275505188
275357304
275258131
275209993
273721495
273386250
273364046
273284908
273008648
270917324
263030319
242017028
200029070
193925997
193533447
193241685
190565205
186606998
186000251
183363844
142009240
137170628
125432767
125432355
124323025
117400313
117094828
107033982
87393336
84875763
19902184
14359854
10050407
6406079
6086647
6084237
763153
276157881
276063025
275786068
275779381
275379102
275278041
275256406
273718329
273047669
270248397
270165339
251404038
242987059
202482071
199104980
187392403
181924681
180586248
177976493
169621191
165998092
159898331
134578048
125015171
117095423
109581548
99189825
97851120
93166195
87135890
72214499
54021947
31265319
26221901
17967481
11251768
10723695
978946
459248
410704
276394141
275935361
275786098
275737346
275601470
275474390
275415026
275280132
274190752
271327251
270258176
252174435
248287190
236044560
225919911
225206280
198437064
198075599
189911339
181361806
173943306
159887307
143105926
117571976
117400397
117094721
117031327
116723363
109009765
105046634
89465840
85444689
72968489
72298167
65079109
35729792
23535966
12958900
10952977
6403163
276366441
276365719
276151007
275850204
275616325
275495783
275408150
275329883
274558134
272858424
271963795
271499366
270458103
270266448
253378387
248543177
212945220
192642490
190823880
190514491
190092990
180396090
178602114
173835755
170944394
147754730
146954126
135831988
135753125
111635657
108771266
85919825
78021336
50699532
46105879
32593097
26691653
10143147
3560317
1822435
276390678
275987183
275541152
275404758
275059127
274992718
273868914
272517728
270468943
270142022
270114338
263118816
262767392
207825271
205279801
202482075
189938063
187188650
186206860
186000048
185999223
177562933
174578276
159437810
157424689
137171222
125433198
125432555
118424415
117095066
116723278
106187244
101778693
101187160
73317070
51424090
38459346
31949590
3721391
561984
276366230
276175221
275910471
275529729
275486552
275474243
275079977
273258908
271998290
270456069
267177617
253782486
252566338
225919158
213959804
207387089
193762313
192935935
191721164
186634758
186189721
186137328
176300938
157687034
155255883
127377593
117572921
105698697
98165163
91190155
56712140
53597884
36335844
30034584
21146538
20769472
18005907
12048058
1055182
464804
276499739
276132082
275941054
275530790
275496123
275484473
275483182
275416890
275358973
274896745
271820484
252174150
252011585
249200251
248648959
225917341
213493793
200771910
198528727
194457955
193207261
185999370
179991475
127363619
125433786
125432569
125432149
115529237
109077888
93205804
87167484
67467048
62639751
55843196
51046954
33847400
33531595
20709046
801712
543372
276047528
275894410
275793812
275737367
275714385
275496440
275485579
274908806
273422900
273197789
251404029
248802054
225216928
201831052
200026282
200026012
200008481
199009721
198075598
193597454
187156756
186000732
173640743
163133379
150565225
136594722
136594619
125433164
125432715
117813899
114606435
77899556
71062970
21428372
20470905
14380807
7086405
575505
459581
450686
276506221
276230229
275970918
275905974
274801930
274794065
274160376
274033177
273679080
273546614
273541600
207937066
207172305
198075668
187595244
183363862
174566339
172942716
169264166
159909089
158018416
140791100
132345587
125434033
107666713
105044184
79316248
78514148
59165734
43239525
39288478
25633624
10769836
3580393
2013701
1549611
964243
456503
452578
311788
276249799
276024308
275929521
275705450
275603396
275416767
275269501
275230854
275210431
274843355
273926254
262636982
249160304
248686810
205766255
198593824
195998924
190463775
188487967
173943262
168155389
158745927
158222541
158007719
145773133
144121357
142656943
136897318
108987459
98900531
78975576
58116278
48849650
48650731
42561598
30008379
26114420
12404603
10387236
455445
275927061
275786104
275786072
275588584
275230053
275062129
274549161
274299545
273381071
273293838
270883354
270258048
250336655
206840788
192202288
186807472
185449327
184517308
177481223
173696918
159437794
155112505
146222990
135775832
117095683
101423379
99983818
91191233
74279015
50564105
49078809
33394028
16208533
14313164
11493611
11493557
2045585
704169
575519
571874
276643010
276567770
276370396
276106418
276067051
275869418
275485464
275335643
275212166
274770320
274709486
274508875
274461881
274419342
273891036
273284822
272745003
270395009
263577513
262455800
252064720
243256301
225942763
206914146
179991139
161892616
155974507
151532627
131511176
91258445
91251969
67090949
38336163
37714712
36518570
21198038
13147642
10152542
6453559
704053
276796745
276370494
276019231
275779447
275646487
275645363
275279944
275238680
275213404
275036264
274802807
274506299
274502092
273634377
273612427
273500097
273365143
253282676
252587217
251404033
225942812
208441932
205481253
188331169
186236505
183719206
181924637
179991134
167434226
125434116
111556188
95564285
91256590
77014773
34556098
23412414
13455142
10706084
4981861
3939221
277497609
276067078
275970890
275927336
275794143
275750800
275502430
275491082
275409274
275281429
275275114
275271375
275220254
275145587
274734984
274672779
274575587
273441370
273052430
270871441
270397036
247409237
215543999
214880367
213958825
201291895
200025263
194102606
193909698
193125722
148718161
147114276
135496562
116970154
92621126
36509593
30990493
23066996
11252598
448531
276385507
276073826
275915449
275491079
275286092
275154280
275138342
274171832
273707786
273502827
273419545
273328139
272373222
258820362
225216936
214875385
208499244
208371326
177145547
158583221
135390537
127493269
125433679
117094659
117094123
117093572
115746533
109083954
108402189
100000549
91273480
59143003
56371562
52053395
42320500
24632509
19876265
14388647
1582161
1084876
276475368
276067094
275773873
275622406
275268049
275081680
273552810
272858803
272210283
270883445
270883278
270397579
270233943
257846830
253396004
251404043
216949134
185442369
184095607
167435669
158820238
157161270
136594271
120295934
117094607
117093662
107058283
107017322
54780154
33811046
29610080
23691807
9814243
8141072
8114283
8105301
2249745
1402715
991361
556642
276416479
275858413
275793750
275786100
275602384
275302057
275269526
275243131
275078915
274397168
273909988
271994684
271493141
262382341
217777867
213958761
213891678
200026178
200025365
200024836
195792255
174003815
158492475
129710044
117095739
117095207
117093173
89894035
82396343
55237043
50015209
36559373
24411289
20619985
14370763
10603668
3717581
2045611
764581
481799
276480197
275788662
275719348
275603966
275491269
275342199
274499659
273513352
273197801
271979597
248459495
213891768
199595442
188447464
186187127
154448087
136113883
125433462
125433259
125432284
117095555
117008989
115746196
109427263
109123668
101841323
91272143
83800545
73550309
56903194
55576273
46793435
32844796
32369578
16390463
15445767
3045259
491434
464587
416613
276563072
276345537
276234468
275827869
275604792
275576649
275495686
275243143
275182400
274763391
274031500
273432128
273379841
273373445
270134586
200024706
193910192
190709097
187644817
186000038
158641130
158470675
155608215
125433573
125432693
117093698
117093228
117092980
72741594
72456773
57302495
35906818
32368891
32142730
16423561
11030327
3718241
763594
458163
448543
276435886
276375842
276366430
276287867
275585762
275238607
273607610
273522947
273332596
272151250
262749931
252528969
247444867
226029082
204331968
200007364
199608103
196002981
192640149
190824037
187303526
187188884
186494933
148012816
144068834
135503174
135456654
127367902
124915936
117095733
117093657
68600962
36145468
33510096
33086497
23536042
10001359
6452105
4981859
629168
276366517
276318509
276191556
275730057
275722634
275688188
275601811
275551820
275414969
275190661
270216190
248830867
201643591
196675321
196233206
177054801
170944340
164270576
148940537
148750752
146943802
144050184
142432254
137171743
137170447
136594720
129579874
125433316
124328770
118686297
117094563
117093418
88912642
33751827
33519945
25206026
22436882
12071739
12071737
2045621
276491070
276018343
275957538
275645580
275484995
275314413
275287479
275181015
275080311
275025467
274399493
273924044
273715910
273501563
273407307
273310882
273303584
272373337
251908536
249389268
217628185
215217593
213960274
200027149
189466838
179992148
179991487
128645811
126730329
125433387
117094714
117093142
67235516
46757834
33510138
21057555
16332066
13500743
10690676
1822445
276312960
275969582
275940925
275840754
275612328
275584849
275457718
275110797
275077266
273607348
273539235
271129871
270663767
270650833
248686712
200031633
200029198
200028882
190582868
181780005
137171377
137170598
137169831
125433517
125432616
117095651
117095535
107034248
83483493
79768612
73103815
57415699
55919434
53840731
49994696
49562997
49081649
10001375
8425696
615977
276528159
276366445
275718895
275588437
275513377
275492347
275459013
275416783
275212219
274638472
274630826
274034095
274024447
273728786
273513559
273302890
273134744
253413340
252011452
248808510
248685109
216357406
213960135
200009776
191723280
185803733
183054210
173696841
158451244
125433763
117093919
72562884
55582245
41245327
23252694
16437357
14490514
11199995
8180118
459742