274641891
272620692
255464257
190125184
186494607
171858800
165346320
147672795
147389103
138480707
97119072
77578726
73861344
68837035
68399004
67039784
66620428
60716616
59200785
55205646
55053644
55023453
54896822
51420207
50707951
50702715
50336846
36694065
33395818
32440826
31575097
22197859
21947276
16974932
8073271
6936677
3941727
2282607
1814533
1374137
276635087
275814235
275453997
275255817
273481167
272620678
270534727
214661792
205920599
193003821
187619110
176623637
169749545
165341879
162167871
161237585
161237496
151506141
147778093
146499071
132171283
128544957
127597034
116410179
86999917
77899679
77774793
77720015
74537393
59080455
57522698
38419309
36302135
35367014
23307420
20071943
16764525
16719308
13787289
10074563
276496310
275955767
275376501
275255877
274994099
274801791
274029248
273423770
272620721
272445794
261005466
253631355
193411542
191375822
190463928
186638779
175146761
169549326
162168466
146553463
146490535
137796568
113662729
104639197
91772617
87962285
82956669
76673066
72129045
64368802
57789702
54624624
50737254
35231046
21042939
16981203
11763808
10075672
4318165
793832
276614517
275924458
275726197
275335590
275305106
275158053
274797294
272933024
263579395
263066841
253412818
206483659
193549764
188915910
188915512
188915353
175850022
175844529
147999789
133772727
127834632
100369028
94867193
92228061
91779988
89476853
78514426
68543337
66496297
54735220
54549801
43764552
38306022
37897909
36306774
33342224
26226256
23630553
1815329
708544
276356968
276181130
275205949
274170283
274050163
257866630
257845274
249941461
214657091
208629714
205813509
201384489
200852397
194836205
186558666
176403882
173372092
161383486
155021614
146564564
146417286
146396099
145670557
118407659
102760833
96211952
95278227
94156554
89877527
70675831
68595188
58897950
55052620
48067779
41333562
38100602
17455523
8582344
3729941
708419
274527087
274189131
273915634
273634436
273558410
272445160
272134400
262731858
252674109
217154667
196521011
192987140
189134080
182580785
174825145
174121458
164414622
147798655
146728623
135434089
116628441
89475796
85095747
77674140
74687213
71887422
52250162
49874503
38303053
37407482
36710779
33465886
28735724
28000952
16237279
12282424
6537327
6425767
2156903
1416813
276591013
275350629
275135592
274384044
274258692
274189228
274020725
273987161
273936816
273505143
270646204
262731588
253045160
248540567
246889149
208682667
185966772
178315976
176166906
164047859
156232887
146494325
140101715
137453095
100258579
93289804
92533531
91207926
76528209
62721597
58405491
57695061
38436746
20847679
13853076
12269351
6625365
5199493
2783491
2282571
277478409
276594544
276526769
276085459
275888125
275665093
275460652
275126324
275080715
274956106
274552379
273677260
270127240
253393489
205502926
198733435
196597277
196144067
191648646
172538266
172538251
162042284
146763912
103491899
98255034
90321741
87094552
70161865
68484619
51996077
42895584
39079101
35148054
33257269
10785162
6565249
6495813
4956127
1694261
794052
275322239
275302988
275235511
274609356
274470368
274430200
272621270
271088208
262731615
252759319
252674111
249005115
205618586
200929160
192395467
189085365
186805480
183375288
177626346
174849218
174662966
173228397
170729248
165624848
163876959
141816705
115270977
111177032
90527127
77149840
46578952
42676831
35773681
35346876
34562466
33278874
12488652
7857633
5939557
1632469
276526874
276318953
275948509
275842138
275693226
275654709
275586233
275376675
275158060
275079658
275077426
274505633
273942597
273844075
273729614
273220222
272461062
272310482
270061616
263085777
246730524
225214746
202413356
198589717
195968541
194139659
193413270
189088381
188585791
177483794
174121460
146996416
120339653
116817858
109366925
75490057
56113884
53497722
48859979
48583619
276331128
275885207
275589975
275258060
275252286
275234988
275229038
274473496
273880498
273456366
272445135
272309510
270298494
263045571
262731704
261005569
261005322
249005184
208197972
202413328
183778151
179496408
178555027
177631015
127687152
119814166
112287409
106893083
100369682
77181605
68737991
68586440
59549005
58153520
56942888
35813362
33256023
19585135
3332455
693450
276379573
276251737
276042348
274430268
274430183
274170268
273566461
272444481
195971277
191829779
188914638
174125346
173890533
146502455
136765525
115090166
113056592
108701287
100367707
98032682
93158816
88821679
87789122
79445921
77118843
72757783
68260292
66907970
58625585
58310856
54387636
52239430
43993409
41825814
40024325
34914037
33393166
31976950
21180618
2431543
276016234
271834440
271339569
270059107
263072195
230207546
212214349
197405465
196157274
193411115
193043008
189594161
189573901
188916705
182813502
174612804
174406926
172456556
170694271
135456583
120671885
116813717
114230666
113437146
98021027
97678413
91754469
87714958
73894187
73109624
69443096
66740355
66576225
57655685
56332095
54876123
27844774
4227213
2282591
1619621
276475802
276316809
275737987
275654449
274807941
273393828
272123868
257859695
197368023
195192757
188916562
186270089
184766241
182805036
167941049
147943549
146509394
139419650
137134266
125525741
124068115
106791443
95023415
94304318
72634963
71898962
71543758
58136589
46567662
46556207
43179685
42518245
37738164
35147989
35131225
28913854
14034657
11559751
2282589
639504
276224772
275916296
274505500
274473552
274178309
273399838
271536037
271515413
262018137
254091226
198770429
196521994
195482444
184634737
183500376
177190834
160409520
153610317
146685155
134843549
101651414
100369483
93145574
90526870
87039480
72869927
69518151
68976174
66740772
59306147
58723933
57703479
56902119
48696566
35324160
34910968
12412461
11020657
2282593
1747449
276384225
276350336
275841320
275841286
275527422
275045185
274824704
274586866
274462840
274424374
267178850
262021547
253089991
249944288
242726709
221225999
214842013
206643109
199142554
198945140
195858796
193151138
192563167
192330727
173383146
172538259
169692232
164552238
129260807
108125514
101642318
87726995
81991755
68863227
57837189
57306307
45242105
17615770
2296273
1598291
276581205
276467172
275607569
275337020
275136325
275041931
274843295
274704091
273839746
271736780
271400153
262726063
242741693
201913881
198934334
198734885
197517572
197415899
197289607
195701219
193006048
192333055
192287136
189557762
183535386
183333358
180955641
174597319
88269489
59292929
42895549
36587319
25068523
14991200
10412016
9996463
8157257
4307227
3335901
2066353
276167620
276067131
272863081
270974477
257780746
255430373
252673796
192926552
185981931
185710016
181775832
181453411
172307441
167507236
164501976
161462185
148944414
135202423
117064215
103870517
102154941
93924519
91750863
87729842
72646135
69307352
67240015
52153257
48872625
42825377
36960619
14185418
12269449
8271204
7964066
4935805
2282573
823454
684736
655755
276234217
276167649
275294684
275294643
275294626
273901767
271819896
261005400
254081998
249170870
196145141
195219114
193186865
192693103
190864561
176709410
164222934
164044400
150331925
137612106
135329450
111199067
109947268
102391762
72457656
58341210
58138078
57707239
51398700
51398698
48722337
40348461
36102514
35813239
35147986
22197509
20501021
13891977
13884757
12505834
277499107
276523912
275663050
275479807
273440676
271974116
263585934
257861645
208412479
192563195
188692163
185347015
181712934
179563004
174052148
173124823
168467782
167526214
151223146
133918149
133250545
127676585
116668864
113142498
110816328
110123012
97587515
89754166
68834863
66089888
53211717
51996063
35772504
23731052
14886934
9674006
4935927
2282553
1379363
923109
276500529
276146812
276033407
275586915
275466994
275137094
275135647
275107395
275083411
274841624
274665999
274448462
273634235
272047645
271188943
242726442
216128968
196781064
195739133
186534464
186309108
183781106
182756919
174054581
172821723
168065471
163738893
159026636
138255281
95063708
90835781
85025758
71021210
58252009
51398704
40195536
19584974
13428954
3795621
3670065
276393533
276331150
276024346
275893129
275526493
274607508
274430341
273688707
253327520
246730656
198821547
198734190
195524849
193894556
193155383
191780175
182578917
175875712
158900690
130069842
120338925
115281122
114205640
112168547
94700163
74277680
60423086
47322895
44926175
38065102
33261373
32396000
19696906
17610807
16256876
11395424
10398970
2610477
1832027
615901
276962523
276331113
276224783
275906089
275662990
275177558
275078649
274952374
274505446
273746928
273408768
271515546
271289483
271142276
270958876
252673819
243300290
199058773
195334085
193054234
179407023
176560566
172538186
172319171
167024677
163876992
120423751
115941606
86146469
77149883
76537606
58918951
58308529
58214063
54836651
51101356
41225158
34180453
21030046
6703849
276526526
276357099
275546406
275344015
275002099
274852492
274056003
274021621
273904389
273711057
272390872
268453699
262302316
249167890
213862861
203742815
198779831
197409528
194463222
190708757
188916099
188066436
162986691
160313739
157157100
148714596
128869142
106075700
86302954
68595588
68591677
57354388
44923467
20787351
17043350
17041948
8136296
7003831
6472701
740780
276378930
276224795
276045618
275816143
275489681
274926265
274472079
273346997
263581164
262017122
258669858
247792719
195880195
188458594
183781832
180584846
176530260
163876934
88042590
77719395
76726396
76225110
71905148
69465895
69459778
57909247
54006084
42895449
38413079
37989729
35612474
24155965
24076280
21459921
19584972
16942870
7698241
7392183
1694657
794104
275693191
275616588
275221016
274666110
274173327
274029054
273692176
273691694
193512475
193006737
188066487
182819727
181751464
177492654
173551360
170112507
148000782
138563547
130065476
120307648
113535257
109654954
107461390
89153873
59200054
56824472
45065546
31211476
26149978
24940714
19584955
19584938
16256797
14643396
12216822
9840511
7919787
4821231
2604345
1832031
276472770
276305329
275914019
275873896
275546319
275481998
275474228
275399822
275261656
275237506
272936662
271993549
262017977
253185738
247885200
242741641
242730845
202041827
195479117
195304885
192563034
107034349
104438432
102110686
101628282
92321484
84987401
77913129
72866081
72457073
71326851
45034283
35772512
28050767
16555046
10411186
6475717
2282595
1599467
760165
276670443
276243583
275869646
275173681
275160535
274018957
273910609
272351568
269983720
264017801
263388790
261005444
258004486
249004862
247865743
242726294
222557318
210427930
198590601
197547981
195522005
192941702
188915081
154921515
150873011
112029019
82998719
76047504
69099186
68955526
54338483
42895551
34240496
33275662
26283796
23398371
10194554
5191203
2500603
2282609
276592062
276382337
276357452
275874787
275749397
275748437
275239469
274602543
274598397
274418654
274086769
273179665
265096524
264017593
255627512
250110745
200553413
196338829
195192568
192276260
181794250
173867272
168064378
164165036
146557207
125448524
75764201
72291058
71160328
70668592
53598503
48462344
35508210
35193484
35148043
9848700
8128373
6006835
2599093
2142057
275949678
275860454
275589816
275425242
275307026
275208386
274835113
274366488
274178359
274167436
273942102
273870755
273258597
271367914
270972074
262731805
262731737
262726071
262053309
259336861
200857520
198740557
193136079
192326268
186081571
178262882
176628987
162978612
117927697
87212341
76747146
71882379
68540633
56863930
56746554
56322532
47377678
26106763
6559555
2610933
276282321
276280352
276229367
275453186
275424928
275308119
275137255
274499431
273958772
273911284
273901869
273694044
272351896
270444066
263495436
262839198
252673899
213703394
210878104
201671547
198342282
197531886
195443125
195162842
193142638
189370157
179780834
176049536
148177023
103744213
73889862
55547184
44818889
44098669
35772477
35717946
10074351
5924607
3707879
1832029
276397807
276113910
276003519
275712903
275401593
275083400
274925390
274729235
274437898
274179525
273695867
273577519
262731644
252674244
249571030
225214788
203897935
200526062
198725050
195357163
174097504
158815031
146932339
113368111
104017301
74440193
71288440
53016443
41293857
25659423
24836241
14540435
12960744
11482943
10650902
3670257
3641905
2282587
1197069
1197055
276603360
275910152
275501818
274169407
274056575
274022974
273664530
273316700
272404400
247799664
242731036
225906437
213963106
209613652
197298722
196826020
186590310
176129048
173859835
153633356
137672112
136240925
135511711
114754408
111560162
94306627
93289789
91640880
78011804
77728978
75767358
74511822
48723083
33401060
17455054
12499864
6355379
2872193
2030177
707331
274930224
273871617
273870519
273870486
273433443
272460822
247930970
203706525
202758598
198334313
195781103
194131780
193279120
184837025
173711103
170110906
162752557
162593222
159243122
151501125
109650676
102082368
101948418
98023458
83782806
72332625
59299165
58398282
56855277
51996071
36606683
22197647
22072208
20847685
3188297
2282603
2282541
1815343
794380
794352
276604030
276500564
275893479
274440989
271069003
216102660
207196004
197516781
193268444
191283233
185280735
179949682
179733733
174243357
174114580
149148225
131194194
127600311
123829369
123824273
120461135
119108148
117512149
111153731
100225820
86297073
86146118
77015510
77014596
76110577
53721662
43590869
31957219
25661653
22072732
20847667
14892888
7248403
5449993
1085792
276501680
275893562
275833180
275294905
274930303
274470388
274258531
274179676
274152176
273572675
271139661
271044348
246730502
195193703
194039745
190741129
186210851
179221021
157158284
155880297
131022170
123493029
117578380
113439125
109089596
93218269
77729446
77711458
68033875
67135560
59206346
57771965
54690992
47323113
41772962
33199951
16256803
14110636
7068817
6585597
276628507
276357718
275893278
275124270
274448485
273894761
273688656
213653721
178481906
175950611
174243353
174028318
170771005
170766056
164047874
139830431
133675767
125285272
125284613
114255582
109661580
100917107
95663518
93289910
91650623
87728725
86146114
86144931
77116876
75328088
74035977
73787569
70766886
57987030
54616764
52328173
46824092
42895580
16510282
1599479
276567190
276500560
275969603
275947240
274930399
274707980
274430540
274167406
273952558
273201712
273165493
262883607
242731015
213958778
203429170
199252854
176672648
166874076
163166210
146363178
129241363
113737657
112544231
110255326
108629379
106034799
104911732
104633663
86145622
81570538
75376410
72543602
34562049
34184476
20847716
15923115
8128691
6501933
2282559
1610139
275606036
274807254
274170141
274059265
274028911
273791158
273444396
209131949
198202185
193287755
192314029
191279422
185917520
183526047
180330081
164436767
147893339
144400265
135094136
127927200
115905451
96209320
94425935
74854593
72541263
72117469
71929064
70838435
68402314
59156565
58216699
47322682
47318745
47104868
46563284
35772501
25645422
9883824
8128678
2282527
276662237
276562331
276500558
276423471
276235689
275837490
275610940
275606102
275502520
274799879
274783419
274430287
273870567
273711120
271520464
271515698
253126743
183501993
183079982
178310765
170729230
159898189
127920389
123967016
111389288
110135649
101852330
83783112
77728665
66576131
59304205
52588320
45320401
42657178
35508161
33260595
21381493
16257217
11493033
2812325
277186630
276594154
276418626
276160583
275943637
275936027
274448174
274430479
274240289
273900836
273677589
273134553
272357499
262746274
252004444
221277239
200671865
199172131
196857524
195520856
194134488
179403715
178262702
173689647
170110513
170110061
130978937
107183004
98058866
94349592
94302015
82979179
77712100
66403958
51996833
12378054
4281325
3871827
2161017
756479
276634565
276633964
276264038
276043667
275806723
275329721
275042449
274708620
274440719
273969697
273896115
272623278
271515771
271288894
270918761
252674149
249005384
212218658
209606394
207959041
204981043
198590421
197638743
174658886
164065465
138323745
129369444
125948601
125535862
115093054
88740509
68247320
48596730
34915026
9669032
7700598
6530319
1373409
1234595
423975
276508059
276356565
276115378
275857331
273882118
273867546
271516628
270919391
263390484
210370296
204051739
200929345
198098723
193232438
179555690
178546757
176210056
174474276
161265838
155383836
155348701
153597401
136011699
117048609
117030378
111841742
103354994
98576290
85643035
85095946
83483583
77872278
71538983
66383100
59554129
58179164
51719073
25661764
16256856
6715255
276316140
276035585
275842121
275747482
274943456
274712941
274505969
274424297
274005367
273188147
272228226
253702998
253689482
249005404
249005249
195968045
183770228
183332144
181171037
172538156
158622142
139067291
117783973
115088421
113455036
101592241
95008139
86145705
86145248
59556075
35772509
33507143
23566319
20847730
6507789
2812615
1916159
760159
756529
684634
276641407
276101747
275939469
275654719
274951247
274754088
274743948
274505472
274152079
273856791
270918070
251267331
249006155
247245506
196339392
196312882
195103790
184628555
177634874
177260716
176009269
172216371
160575769
132182603
131029527
107448164
99914495
89477426
86145621
72081854
52665589
46560093
24940712
20581637
19751771
15089346
14322375
8364543
4488293
3692627
276666781
276602525
275927729
275893520
275842114
275605986
275598744
275056879
252673852
206840569
200764784
195241946
183540856
176216790
174860921
158615618
149605033
148823403
144894977
138669340
138342962
125948845
124895225
116383077
104870707
101651216
99636156
83783134
67509153
61994203
51996067
49164772
42895588
14354974
10688516
10037703
8128720
2030353
756319
747961
275842109
275606077
275421141
275287328
274362208
274059051
273446523
272871753
271484976
271366606
271076895
270860449
257770259
253066931
247829692
242741627
242731039
242430420
217774270
216359797
206718630
203974231
202612935
198424597
192374284
191929187
189170591
186292834
186218478
167024707
164583154
109639474
102388036
67331342
16859605
15474195
7693617
5055127
2208057
1812245
276546514
276109714
275294853
275208148
274998442
274499624
274470487
274430465
274430206
274178267
274150559
273696869
272133496
270060509
230200216
197895201
196198372
192560590
191542742
178313127
174477414
174243500
174086636
158781999
146955289
134817806
133560514
124391380
100367072
91539565
89477774
68726892
51996057
50771842
34562165
33434655
10031732
9967102
4525917
1811825
276530467
275926194
275874262
275606089
275589266
275080447
275066823
274762281
274016420
273908784
271420817
270920411
269775664
262908151
253066982
247925946
196232450
183349763
168065972
164837925
163876974
154949759
135319813
132184576
130412399
109093872
104100270
103135063
97588684
84429667
76582878
56406314
52247278
25661693
22071354
17876262
16256852
6528407
4693425
1599729
276583114
276581197
276542671
276272957
276046318
275893107
275294715
274424228
274172063
274150505
273913747
273560749
271516959
247795075
242731023
214784377
208079281
197377581
197365826
197296916
192628890
188915563
185948069
178465372
164478409
130070102
129306144
100381945
94386894
91458301
89475840
86145686
84482722
41172910
23612934
20847707
12475616
8421566
7613166
2756083