272394686
193920267
187657697
183058686
182148167
177320879
172926829
171760300
166530485
165844516
145289939
144324230
132171331
131907412
107056472
106782807
106765137
106750367
106002718
101949563
101439243
97790859
84446029
83907537
83812939
83757503
82874281
82704606
82700848
82700777
82695200
76661889
68196229
66089930
57982432
55042458
44248342
42712220
36904256
23241120
263693409
247820154
244298467
198795306
190538075
186268548
184822996
183692692
181247693
181247408
180590012
174379920
172666766
170831596
166531902
165206693
160819392
154135275
146222727
121258407
118014158
107540897
106756612
102121667
97685241
97676376
84574514
82875023
82865098
82700771
74820156
70738824
70662805
58255254
28390948
21164740
13894753
10280258
7965235
1818717
275207427
253308680
249143553
198800083
193904238
192628650
181247581
176881225
172671066
172665283
169628004
167906833
124874229
118026606
118017395
118015056
116577315
107056436
107036163
101278887
97755383
97732361
97719473
84544893
84487723
83832124
83757870
83034305
78032841
73487627
72225788
58493562
56112479
55279177
51020524
34316617
19646743
7162313
1921281
979203
272309534
225303615
193909439
185867063
181247126
177272170
177267838
177266853
177078253
174249107
172667744
171020678
168356585
146230660
124489767
124489754
119125984
118017979
116575084
113256243
109698272
108314567
105651090
104908173
86967442
84532478
84439625
83765673
82905115
82880654
74444966
74389326
72461469
68621645
59180714
51407838
49481152
44150035
40939641
14257817
196156173
190509291
183558599
182841437
181569207
176534607
176534606
176293265
174099140
150213680
140921150
132928231
124240293
124239898
121258680
118126647
118023454
118023023
116244653
109570274
108508923
107056518
103407058
101949408
93311803
91820251
87384766
85399288
84705111
84119398
83160308
54128128
53171377
52093685
39182579
34592981
21125223
11116973
10576055
1921271
244297692
198436591
198430853
198351833
198305160
197894187
197743192
195915771
192222724
191910410
189337830
182729631
176775679
176633187
176545246
175167031
169465046
166533565
146276974
119671674
118022777
107043044
106753082
102944214
102939016
102121875
99698447
97678516
95508445
84709814
82129940
81803351
72639866
51714933
48094460
32380868
31603612
30704368
19721985
4153363
276314562
274416027
273886315
263107039
261839673
200520688
198461239
192296950
191740364
187763074
185977874
176797644
174379901
174379852
165205523
164082385
155883990
134817893
132128724
119670887
117177201
113050911
107037576
107036343
103498666
91561748
90642830
83685398
83344765
82651316
81187228
73722483
73675168
66580038
66095339
65794821
59701610
56591461
54443067
13677629
276559593
276028992
275949789
275835100
274816406
273789628
253230227
251384877
249381131
197541591
192947717
192934960
192244278
191433475
187644026
183558713
167951497
165123964
151618637
141562440
118027106
109917502
109917100
109594029
108101242
107155666
103358364
103358089
101949389
98065619
83345441
82700818
73510663
67042910
54869790
38408228
15777994
15445748
3074923
890151
276180343
273332410
272318566
251410848
248756368
207888507
207840822
196388946
196388489
195968448
182993124
174308384
170487504
167462243
144919059
124490062
124489997
118022966
116206931
113332193
109915973
107352272
103124373
101764407
99219054
97709959
97606021
97586335
89597498
84819103
81186470
76542616
74360894
73278835
66803444
59205406
55023823
50377280
49293177
9670279
273249438
251305047
250010204
198792881
192650522
192303246
185842527
184821582
182995569
172677701
169307799
167461360
165193110
149185336
134381185
118014408
110872343
108896350
108507465
108329137
107393162
94081677
87534240
83033717
83033277
74439423
73528213
72556311
68939197
66719318
66487798
62360188
56029352
55211860
49905157
46654253
44105325
33387559
13607704
1752845
192934185
190300053
185005658
176784406
172693435
169191209
152494664
147043717
146228143
145290025
138755296
134020411
128276501
124874010
121327541
118126502
117573855
112193938
107035770
106874190
104791485
103359268
103357147
102504815
85705352
84551549
82642292
74532262
74527032
74421501
69175339
59470004
58027810
55023696
53501916
46250423
36574256
25975275
24031994
1921045
225238987
186105036
181991402
180923786
178071097
176200238
164317910
160897585
144236336
138749319
128302215
118023217
116574971
116407392
113543251
107124545
107040848
107039134
104793592
104792356
101278726
97683758
92387305
87616279
85902335
84821649
84552947
84077317
82704480
74500648
71311806
67151410
57942548
50004697
33787385
21145963
12710511
11447496
7776892
6991643
274403246
271138640
254097165
249697339
197826220
194456357
192224123
191412217
187315703
181712764
177895515
176816843
172296304
168850401
152892550
124239226
118126172
118099916
111043184
110196604
107037750
101281396
94902348
85751996
84826649
84823781
73837718
69625268
68940444
58686358
57967766
55959625
55458645
51507409
45347477
42718974
42681502
21742034
21029987
3253161
194498328
192781082
180924959
177264017
175810444
175194995
174897065
174068918
172922829
146957711
131998845
118026605
113933468
112764896
112764875
111005927
110801615
108412530
107154707
107036659
106771166
103797449
101949464
98807520
84821702
84819925
82704419
78629416
76474236
74421965
73862702
73588007
67873261
67140446
57318339
56343693
56263154
51526856
14815845
13862233
275276504
195515821
193129397
192712266
185920551
183560785
180247331
174843854
172026400
168469880
166463225
146225246
145289718
144191819
138754619
138148914
127583939
117762251
113257209
113238546
110868416
109916319
107038159
101773748
101302058
90655330
89579707
85904779
84119526
75444931
74903756
72938904
68537466
68119208
56190284
52582123
52288502
33610039
31597593
10679661
275520765
273206254
252657344
193887098
192710505
186862741
185903499
185866934
185004855
181920231
181569237
179170927
173206437
150553681
146589501
146520912
131417895
130997641
118030200
118029433
117927674
117400537
108916840
104792372
104792309
103875289
103358990
97809494
87623305
84826692
84822062
84694111
74539232
67437925
59469566
59469216
56671497
47117757
24030500
11876096
274150872
270125802
253366139
192812015
190539181
189552784
181692140
178009345
171556670
167951534
132133729
118030268
118024542
113926163
113257265
112851354
110964563
109915498
108357238
103918488
103358352
93088595
92022411
85668736
84822969
84821027
83616582
74539336
74419727
73421344
72900314
58432849
58260590
56930874
56333616
51572500
36028190
21147536
16294671
1818793
273261902
198201088
196205490
192191718
191756961
191144966
185004745
182100187
178329620
174219974
162047969
158129574
154414738
138750305
130655631
128158907
118027755
118022753
112073124
104791604
103357280
97446606
93313414
85902127
76541904
74441778
73528648
73514390
67281966
67225104
58327731
58324854
58230363
57726141
46636436
37126497
35976449
33694112
32894036
17041690
276126261
275684975
275381218
272309672
248600147
198799741
197418006
187009117
185867089
185684218
185384313
185096001
181263918
176687766
174891426
174550945
167430064
145371138
143148359
141529954
135454641
118022325
109570000
108507753
102099787
87720310
85905324
82965311
79662569
69612444
67992226
61494413
61473743
52461347
51731179
35435943
8068749
7778560
6535769
877772
270185509
244298821
207795353
202407243
197743064
192337533
190539038
182783365
178787824
176082103
176021602
165205923
161958734
149150362
143687625
143117503
142995282
130654467
119670228
111861207
107039383
103550873
103481068
103026406
99280793
95867719
84821877
84820860
73515769
73461928
58329345
55650411
54585058
34589122
24198767
18005285
16261633
13568062
2085851
2085839
275942627
274364594
207789511
198216744
194115003
193093307
192717821
190320583
187659649
185867085
185004475
181714293
174309468
172915867
162562752
158882204
140463525
132131949
132112258
128125685
120858390
118085215
114847614
108423829
107153886
107044156
105619777
97619158
95474110
83033098
77948739
75544734
49524530
40823315
36061260
32380112
31688872
23239851
3075019
1921325
275427489
275276208
273220015
270490312
207537137
189737693
185684232
176529912
172314406
167652790
163803666
141835496
141678914
122437275
121237116
120421062
113256013
112193803
111061212
109475484
107045620
104793958
103356842
98079800
93046821
88769661
84826202
83033887
81579779
78892718
76463862
75327164
74910955
66704564
59200252
59058392
55121928
34148555
11448438
3146275
272278656
212260022
207554908
198352292
183554776
172486316
172449931
165212534
165015079
129382063
125856532
119090649
115241175
110585936
106011142
102093936
102055047
101342997
93086199
91474288
88000356
84825352
77155423
76474720
71324722
68716507
67040615
51267703
51261923
48852396
46473261
36022492
24495163
24495151
21387874
21129179
15120277
13030138
5971343
1818843
275209385
274816341
209886183
207782653
196157619
195351353
193370287
192778469
192340172
187662142
186066372
184686932
176170508
173632628
171759646
164546794
164545375
146753917
133899423
121253282
113052085
106810099
106754313
105218414
104907966
92023043
85392984
84821968
83616145
82914112
69458316
66704691
57721860
49062214
34561282
26225129
24509494
14172789
3745027
3325325
276361645
275752794
274374741
274245017
273969676
272152069
271336280
259483485
225202951
185842933
183554786
172936035
167446033
160581233
150213932
140921579
132127662
127368560
118043299
101281295
98003787
91475587
87107891
85932362
85705020
75977724
75353441
67956527
67545345
58234428
57897410
56313425
55728548
43181192
38593615
34323479
15778396
14517336
4455509
978217
275949891
274625774
273899601
272336124
263977922
262074128
253366404
203558528
202768184
196780483
192718019
184823350
184497697
176685423
154491940
134381706
131417839
126040378
121248942
108101396
104493270
103357370
99220377
97705793
84824542
84820031
83675874
81965763
81307260
79436541
73894921
72909404
72850025
58366098
54460547
48838608
45468547
40497809
14956975
9982241
276125714
276118600
276089154
273263755
271540641
270113226
259483520
221712238
212036055
197742573
197218173
188576794
185262384
182733000
178229107
174550790
166389351
164546562
160217131
155271469
132356100
132133758
124585912
119670023
118253454
116177932
108151038
101281338
99664264
96990627
83378440
80915097
80701190
74441136
48097284
45688748
42992271
35854052
25413432
6388355
275542447
275069030
274176844
272838975
272360082
271591683
271221921
262787643
255079745
254097368
254096244
249090800
216204269
195569845
185002867
183700323
180590331
174379927
155271585
150835917
146260060
118017768
111645690
107155781
107155446
107154127
105708397
101278943
76600883
74219073
68940684
67178649
57455473
48245170
47437970
45689300
36434705
22157787
20969410
8242926
275237612
275204733
274802641
274684068
274505729
273969864
271373234
270113933
263802742
253311421
252994780
248784251
248745658
248745097
248715381
202223807
193511524
192538177
191431390
191045619
188447749
185842083
185684460
185353545
176212596
174740733
161960327
160264804
146449451
112781666
107154312
88952446
81307587
72606150
68845402
61827230
56342113
50599543
44524519
44317897
276530939
276497329
275945557
275678785
275470328
271232984
269878543
262659721
252936907
250059767
248685065
213885378
205714688
192216666
191659328
190808907
187002703
185989466
180972231
177271900
172764566
167013297
164549480
164545249
148985429
133893028
131122825
128149925
114466457
109916848
83344860
83034289
81804548
68709937
55066538
55066249
53705408
46636364
42586438
6640013
275880889
275207650
275061475
274362265
273786534
273702671
272984454
253047525
252948275
214731293
214611426
202780638
200020027
198352765
198352492
195912287
192943123
186130111
182756891
176685316
175821477
155271735
134231076
131417841
110151095
107155208
103875236
83518171
81309270
81309161
68559276
58650381
52587830
48669044
45282671
40648165
34583629
21324567
8090147
3689291
273359622
244298107
215601923
194065187
185592302
184694384
180396501
180380160
180322099
160897698
152560616
148068313
147003905
144269633
135325574
135299123
128276620
126040040
119104221
112764897
107154996
107038140
107035764
103888950
103358566
102738495
96779045
90333691
84439427
83395210
77900321
66688656
57312346
52093744
47868710
44580442
41664061
17466029
14837844
4193343
276422447
217176858
194498314
192988437
187278904
187092194
184933492
182605981
178333464
171901606
171209012
170647470
151592990
147004119
141087603
136014533
131177375
118035847
118035846
118035493
118029360
118027472
118019227
107036266
104518309
103526017
101280528
93060435
87670924
84824931
81307328
75579594
73435212
51046746
44608436
38100729
29186362
17459625
8364799
2085815
276126596
275046054
273667285
273359311
272430306
272424518
270801946
209643625
199169223
198351154
195301257
192989381
191298492
187058112
186271142
181375403
172908871
163722975
161451210
134919440
134245785
131418880
130265678
118022736
101278934
93052232
93051168
85028916
81186467
73742377
57710004
56183675
51592612
40964721
36331282
28054422
17462888
14837884
14351933
3101785
204897099
198460338
184689521
178292335
176021614
174085415
167428382
166340207
145839346
145289820
141259095
139060163
136085313
136019920
135837305
135513691
135315368
134947010
133619862
121397784
115891209
107042547
107039769
106335976
104672710
103357621
103118566
101280895
100492945
100257862
90583918
89689395
79436902
71544552
70242077
55213859
32998648
29266649
22426318
13632242
263974964
197574684
192788548
190538380
187021822
185919966
183559397
177518934
176685323
174898320
146229717
145290253
145290096
135289351
135266798
123926214
118026729
118022514
116575134
116573790
115708252
109638449
108062479
107155601
84822657
84327535
82561520
82033871
78020342
77013970
73509579
67492167
59469041
58565533
56625449
55987281
31603723
17046982
15778666
13027878
203932673
199521459
195133844
193136269
191055864
187300900
184815627
180394425
177644358
176767291
173067366
167433161
167429704
161533010
127341900
125791461
119107124
107350905
105735831
105214042
104793790
103358775
103357813
101362580
99998242
98604419
97641472
85905294
84819604
79436775
77966551
70186390
67967376
63039768
52670135
51591803
41066480
14837823
13026762
7794731
273789649
263513174
262707515
252437219
217176777
205541535
198452250
197742380
185004756
184073320
183513576
182783511
182736421
181920524
164287427
162215263
162215179
146893892
139199270
131418046
121258544
121245657
118027790
118027182
113145806
109030124
108479346
104793500
103492098
96308366
89153420
84824876
78946352
72938253
72316818
68969343
54046230
41246020
21129395
13047453
276601569
270959142
252976235
195990132
195548083
194063537
192833176
190538203
189931703
185842799
183513458
181454088
180347781
174599556
167425680
164250229
162850433
146286880
141260416
136013042
136009408
131417713
130873874
120336900
118022906
113368593
107126779
107041001
107037787
97623572
90642527
84827153
81307307
81187522
72780978
51484606
50400141
21128971
17492579
10771772
276125191
275270820
249032745
198283263
197742995
192909017
192795761
190682089
189073265
177704099
177524842
176184092
175432011
171759602
157530150
140921144
136714320
135237110
134381487
134366130
133617522
120794762
116574865
113255770
108401336
106526658
104792777
103357850
102940343
85901708
84827142
66425138
56795025
53303642
52506546
42989462
35211302
29911199
13418173
1921261
276493893
252657874
221413557
198460512
194585112
184827421
182783465
181133004
174580442
169468021
167428828
166495149
160265701
143225996
137479117
121412391
118098013
118013969
113394038
106457270
104791685
104078585
103358998
100516354
97045140
92145164
86585612
84823942
83157898
80879299
75825678
73743713
64636058
58921383
57311272
46060134
21129420
14815891
13745082
2839025
276547978
276500109
275099526
221712547
203931851
193533239
192713368
190681008
184507132
183558328
182460262
181564988
181564874
180390889
164352692
149685396
145290254
145290037
134245630
114327253
107126365
107039668
107036346
107036182
106304291
106108267
105675936
95865701
83685393
83159130
78455123
74879506
73547164
68490028
55172013
36458894
27660266
25964873
21742021
21609191
257846719
207764237
203404470
199997148
192705358
186389540
185919189
185058468
173432041
169136468
166210052
163477520
135644045
128125492
124239572
118035558
118031217
116955158
115832745
114463297
111058227
107154323
101280339
97546038
90070286
83423415
81602937
79752120
76177393
75978255
71966935
68034715
57100046
49030933
48649355
48175784
42869288
25813369
24198840
11837235
275354320
275176595
273400593
272621945
248933139
248074345
245768303
195300106
192138417
188575784
187816381
182474476
180607009
176769664
176144880
168503126
167433158
160545090
156644416
124239850
124169522
118031539
118018086
107123520
102509536
101749109
93044817
87393576
70933997
63057237
61538888
56244246
55704694
51492165
43043761
42504287
42499041
38326779
31259508
7162147
275956264
273789671
269245924
253313188
214232181
187056563
187024773
185830083
183560219
183558911
178952363
174606579
140127723
134381369
127704777
119670706
118022093
115287874
114846071
114698464
113051207
107751540
107043446
97808059
93233771
85905387
82700793
77013390
75826188
75313942
68046455
67402713
64226708
62296114
57721951
54446621
54158359
48915250
39838727
27826879
272086620
202223535
198069286
196582102
194959961
194807318
194456833
194084920
193770940
193138003
192116815
188209663
184518602
176802079
168791674
147356829
145289760
141835567
132136401
131384369
124239473
113916239
112764673
112672712
108760567
107036024
104791779
95668392
79445330
73719677
72519369
59205628
59180644
56198684
50401550
45477352
37101050
32220315
11618841
6459121
275607227
274711868
273989453
270833158
208269845
205492086
195516218
183560007
183513314
180607346
175421752
163477532
145289962
136016136
133889257
132923525
131418237
124239317
119671195
118030405
118027265
110757056
109567589
107038347
107038188
104793040
103222981
102935517
102671242
94634848
89598516
80370914
76542881
74371662
71972485
71520625
62706955
51429906
48722131
15155075
276027730
263202817
253264784
252657183
230202364
208299597
207901991
197964496
197743241
197742387
195657106
193924728
192710616
187659507
176689232
173661690
169325908
168273197
167478647
165188757
160998511
160883242
118030954
118027967
109571566
107038351
101280412
86880526
85903107
84823590
68940001
68938576
68197263
67491635
59462352
51566057
43812363
33500890
26052875
19877073
275489908
273468626
263587417
244298411
212232443
205710426
194477867
194063281
193140906
193055881
185470998
181921006
175998829
162844630
152333910
145289629
139507239
136040832
124239342
121400742
118037459
118015911
113785924
110201035
108889736
108350828
106526708
103358271
101278778
97652035
92714841
73719141
61266116
59744740
58337218
57395294
52059428
48720714
48149789
24595461
276608127
276320158
276114011
275238200
275150559
252657721
217482641
197406483
196389288
191375860
188782773
186271045
184815843
177217271
170443484
169196427
167750322
167613215
158715227
141515500
141469596
137953336
133893865
127268941
114595754
107155254
106304175
101279614
91314380
84820863
77920880
76099517
74370724
73204288
58743738
56322987
52732816
39741486
19776135
3648459