275197150
274086107
200629270
183688840
183337321
177336104
174247255
161454715
161409497
161409463
147896557
134971272
134519490
131386574
114809875
98565189
98329162
93853774
91474073
76045155
68269446
68006413
58434660
58405538
55407453
54031205
52798132
51713363
32951826
32951822
22100933
21257333
20648428
17148693
15973974
13409453
7865974
2454357
2454317
609586
273523195
251998487
179377378
175688119
174101598
166525080
165854443
161409457
154231134
154231124
142310525
137786472
114809866
100002376
85479195
75482123
73570463
73569777
66547020
61470015
59178438
58899983
58451648
58409447
58392902
57306363
54619544
52227046
51966118
51713342
50874054
49246233
20366824
12629704
10409803
10240037
8083719
8082641
3114737
553635
273205945
198280675
177661425
175154972
161494017
161409485
155398190
130199721
120497686
95649061
91076575
81787154
77118744
74911748
73552095
70528681
67921481
65848108
61363239
59178463
58408425
58407832
56834655
54031203
52215446
51932016
50411237
44901147
43184557
39702057
31959713
22448892
20648450
20648424
20648418
11242951
10371298
1085854
912679
484525
275416528
274848070
273523198
272634992
197964569
195194378
190701491
181000510
181000365
171057893
146373242
138956444
117092872
114467215
100352556
99324784
90744761
90059778
89503739
72508423
72301784
71979469
65923404
58444508
58409812
58406605
58393302
57118697
56863272
56407789
45806849
41067741
37544685
35382934
25165565
14934644
13409520
10409796
5439427
2454289
276178624
276036910
202797473
197636991
197636985
176630892
176292294
138101958
137755749
107018074
106236891
89072249
86267511
76694342
74790102
68607796
68427800
68031130
62737129
62652057
59478426
59178781
58811363
58448473
58448354
56417254
55065594
52853562
51713336
45123568
10409781
2906923
2596253
1907359
1692537
1064974
1064970
1064964
646084
484524
276378928
276235302
275972447
273930176
272421929
252565847
219134711
186267257
181000398
174428346
142671560
117668700
117600114
114809889
109185538
99078139
73088751
68428418
68211446
65859588
59141672
58571664
58407240
57805547
57695989
57300896
57282097
56942135
54349922
45812684
20367638
13409436
12688145
6842717
4529413
3812951
2454355
2454325
2454173
484529
276594137
276380171
275172214
274765115
274764350
273716360
273523197
273188839
214163270
213674554
173153272
162389247
155624520
155223170
142312193
133683743
116721228
114778894
107018090
99321003
73832553
73099034
70088755
59418250
58911324
58453178
58389098
57812465
55547368
54690900
51239296
50488055
49068607
45307202
44805175
24970815
21257903
13724857
2923763
2467249
277401036
276964601
274764342
272635027
272617177
262018521
200995991
189235215
189189208
179754715
177500597
177265591
161462918
161462742
155187416
145092303
125918701
116591185
114821931
101150949
99078125
95738122
95586655
89153053
77283146
72331222
70815886
68778070
62735877
57448236
54022812
50425577
32499931
15058426
10690417
10190866
8366010
6956581
3088445
2454359
276380393
276273176
276192189
275645086
274285392
273188837
272848393
272113717
270552508
270120252
209411690
192305356
190740888
186265354
161524352
160658295
152091203
138956315
138800731
136605670
117926521
103789164
97991452
93525485
87021522
84795541
76681202
75986352
72214567
68225819
59514285
55133824
51713351
45803948
41873724
32951824
29263873
23911778
7316589
2467127
276328267
276240669
276192150
275954535
275362211
275030558
274764349
273899288
273725841
273273640
272848014
263648803
262029646
195657152
183521310
177844180
177479564
170828216
161956958
161409489
155923704
117092876
107018234
106540843
105736344
72878779
58910120
56439395
55394120
52846332
51675443
50488105
49011134
37137744
35354610
2454353
1047712
702102
629721
516057
277487249
275496221
275298834
275019762
274841682
273977859
271626476
270645469
252132884
191620128
189361532
175976666
175687051
159095758
152815132
146276627
142629191
141807969
125858372
125785406
122954478
111422771
97429427
95073982
92169757
67138521
59514129
57149781
54479685
49375139
39088200
19699204
16551769
15214743
13823894
12188544
10677573
10409780
1716065
437763
276597293
276569628
275658250
274625834
274156328
273597480
272421935
271247979
252564076
252225785
198197816
196941649
181978842
173299475
157600763
142142607
140579038
140579026
125918663
125483757
124069240
114809887
110250734
109403231
94426094
93318327
80803020
73622134
73559847
58909985
53706414
53306672
42989489
16268021
10650652
10229393
7663699
5503699
1065004
462534
275709360
275339611
274764378
260806288
214731700
212034453
199671786
189234686
181134349
181000438
181000422
177500113
165947811
154231129
140843423
138811552
138460477
126218728
125858376
108882784
105551873
100899674
84871268
73667907
72507692
70606907
68554583
68446800
62734188
59106850
57707845
45950018
43133643
42053768
31451473
25200952
13409476
11211353
1820321
484446
249050779
216401083
203862431
188321496
183519696
181000453
179439737
175687484
142703395
142310107
138811616
137847761
135321742
133682930
118146312
117785876
114467209
108151143
87130751
85090399
74824303
74038234
73661212
73621685
73345804
72688883
70745323
59202003
58410333
54693149
54672598
52257723
47878137
6677811
4777249
4345189
3793175
3493689
2454283
1055422
276660338
276161638
276105392
275323342
275244487
275025405
274764376
255627587
249712514
196856210
187234731
181361223
174248005
165853879
147003463
146494295
141651048
141651020
140229082
137754572
130735106
127352503
109403839
90331549
66954836
65476540
55427208
54705080
54583359
54513683
53406530
45213011
35913328
35527634
32499359
16832052
15317806
5860377
706045
566893
276581795
275959143
274733756
249882706
205921877
198565731
174860595
161389530
141792921
129355949
125918669
116765900
114809879
114467211
106685390
99077953
94747329
94418041
76470555
74245802
73851585
72301011
59202545
58600700
57708325
53399070
53268663
49186819
44805254
42013180
41540965
40742154
37545579
28263075
22475236
14709221
11786352
9842828
6137027
2984271
276680932
275516352
275466781
275466760
275263566
274801611
273842798
272421931
253351406
208679144
197636995
196004161
193588490
192151757
184861027
174469215
171259784
170107925
165219050
145506034
73636224
73282190
68069074
66948978
66475968
58863735
56669841
52851236
51668991
48636180
48341360
45263525
44899954
40775957
32380314
21754291
15182824
2570813
537425
472813
276665195
276596571
273983851
273692012
241732136
192917906
189473820
189460983
178285551
173299806
167013270
147871438
145838642
145466930
143618157
142320916
140229139
136752214
121361914
121229323
120759420
120149810
109881757
99078020
95735106
94901052
86147390
85405382
76674062
76526881
59505951
59201430
58836082
58705234
56758268
41932102
41600275
10691690
2736445
1716077
275728772
273188843
272808620
272421927
253219920
199952406
197636988
190743188
184047011
177499829
174528891
174464638
164557006
163716501
160324612
154189642
141734891
141367824
125918668
120156053
117785869
107018001
99078052
77765375
73089741
57356730
57302645
51600753
51424042
50130166
29936637
23192253
13362625
12629696
10190871
5444935
5032435
3678613
1064988
537489
276442773
276253836
276195834
275606857
275464904
275274530
275008826
274993902
263648797
253397725
249941292
201687102
198770919
193588300
172632083
166497256
153768302
153404093
138956329
128302707
125918726
117101347
89793198
89248172
58911128
54391656
54282693
52876238
48141321
32401958
26812103
22094004
20581831
19910872
15469303
14980082
11306505
4681147
3170593
3014437
276412576
275286002
275260473
275048965
274707358
274185335
273489926
273454898
270980288
270540368
261025446
253268923
251969468
204090548
198764572
196188495
193588636
192580138
184429270
169445397
165948160
165947849
137850612
136414743
118658904
116877135
99280864
99078098
70805341
63853077
57893764
56757957
55433759
55038590
54475759
54021465
37969824
16608365
10685133
1012238
275924565
275454792
275388667
275221680
273242434
272893992
272635021
270830502
257759951
222661067
198764564
193927187
193588838
190170723
182822075
178256483
178111358
174180348
169920643
161344592
148635468
146392461
145178134
140309122
109662191
107018190
101824754
99077932
68275529
61994470
56643116
56187931
55664405
50305975
33544809
13558236
1055444
1012266
484398
484380
276585117
274652115
274587262
270556631
244133704
216213171
197381747
191948770
191331157
181000514
178455020
178285739
176628693
171668609
167558863
159969974
144351625
138194841
115660033
99077835
98565212
90589956
84842968
68429315
59504292
59202025
57753172
57141102
52851207
52183799
51571133
38058563
35848354
32665429
20134794
19647294
14422962
6002993
5444345
1387635
276229562
275272105
273643952
210879322
202421379
197333416
188079905
188057502
186269684
181980787
173125938
155107514
141848496
141651124
140218106
137753154
130858000
101976432
101840966
98704664
94901377
74857009
73836371
72506430
70089522
66948999
48201953
32408252
26513394
21082370
16344129
14982177
10678262
8350134
5444943
4762545
3888397
646085
600286
599727
276566545
276253450
276137192
276073990
274682864
273868049
273281214
273273737
273273687
251881665
247415331
195855433
195566734
187188571
186267955
182474365
178589129
155259955
133580050
125918670
117073673
109488207
108839282
84774460
76582330
56110236
52855014
52585769
46786925
45291999
30740657
23259319
19286096
14289257
14187700
7947600
7801820
3585899
1083276
537523
276565074
276397543
275323204
274765116
274067716
273953858
273262616
263648758
263100962
253360054
249160373
245773332
221787311
205856581
197193469
193589803
193589150
186156784
177500637
173125966
170444483
169545220
145461787
142996124
141734889
125918673
115802037
112198118
106756514
106694542
100067285
77060395
71104777
70663452
56670268
51589146
49301266
44110528
37559484
31354261
276591256
276312992
276273150
276178494
276020235
275275385
275081659
274190210
273366002
273283043
271265627
262640685
257759151
198281868
196486611
191778330
189084574
174501076
166391639
157399797
155287242
141011697
134579990
126218801
125918713
118658926
108895029
76126169
61300092
61247344
57358218
52255436
48341548
42342859
41772672
6609823
4099099
3657093
3585907
687458
276611349
276250355
276120146
276035822
276031600
275459832
275425435
274348810
273273624
273263026
270527703
252722136
243099607
208913907
207013196
198984672
198540116
193588351
166088547
158220857
154698969
139187018
113512094
108701422
99078084
91097351
81896673
74110113
73088753
57656396
54512538
47463111
46788828
33388334
21969572
9854860
3747383
3630713
1721163
720610
276498820
276181341
276160362
276038769
275925772
275801273
275385591
274469858
274053347
272459206
270470246
270075575
248767054
207754698
205181865
204636015
204302286
197645733
196202404
196202377
192794665
181361258
177500094
177185417
166102373
141240278
137469801
127686743
99077829
59313851
57139934
55470777
51599496
38143235
23259945
15729100
10641844
7371287
1521119
912002
276565351
276545515
276353145
276345529
276229488
276167739
275536134
275385866
275385847
273901617
273615510
271141204
258820341
252283614
207564326
205967514
204090535
193589113
192998572
176491680
167459352
143611799
138956233
133416401
127010796
124448495
108895198
107368329
62676128
58145962
55650331
54736968
53833679
53490311
52250346
19908028
14422846
11653094
7070967
6544037
276562686
276533986
275033856
273643938
216870820
181000419
179408287
178035727
177496643
173164866
169920640
167472347
165219055
161409483
148819681
131192190
125918678
123505613
121020870
120129694
104038254
99507328
98565182
97535201
87378188
81125425
73718035
73112158
60349750
59313996
56203222
53438608
51968866
51713344
38138431
34007082
33164282
25734722
20102968
437758
276138875
275466789
275326827
275172535
275131842
275048388
273101056
272455172
270496327
254091789
251392177
205080731
191717401
191413437
184497116
181978851
170068655
165629142
140579023
134971265
127220058
126944349
114809857
105543190
72647180
70633549
67207109
59169136
58405972
58209771
57813006
54807081
51498472
29174188
16608353
8420981
5506013
4297501
2688453
912675
276272991
249973366
216401123
201851947
183787498
181980536
181000425
170253425
165084388
143947371
143018831
141651034
136313304
133218385
126218794
125918661
125918659
114929021
114922721
94262651
82918554
75575825
73365482
70773650
68372717
57524289
57304713
56941036
56819462
55625510
55097043
52054247
48725870
45447878
37661313
36731095
21280893
14982903
8264434
462520
276399408
276377942
276253667
274045541
181254412
181119007
181117764
174224348
140579028
140579020
125858429
124475684
120496865
120369966
114956741
114467212
94262406
85800588
79112498
77616961
69210111
62237907
61215319
58212557
52132671
46912393
45169644
38041371
33339496
24996283
23084955
16958407
12543023
10409776
7026507
6956839
6956699
5981831
537515
462545
276566651
276178906
275987253
275939146
275925524
275721749
275336269
274760767
274579014
250086637
219135451
208645971
193588883
193434374
180316436
179988814
177067892
114356006
99077846
74814366
73196502
68774050
67966062
55580877
54585431
51571077
49470027
46095231
45812218
42676884
39324852
35913295
11336852
10710958
7645736
6570263
5723303
2922175
1717775
461153
276246513
273531155
272222455
270496192
263581205
253205560
252051820
215121572
195352672
181114319
181000373
178313308
177920372
177500176
169877906
164265100
157210054
141476210
116877133
114815897
107367453
99324813
97551871
94262377
73090604
72890268
70074449
68837816
68724103
62807625
56609788
52876231
51502022
48920383
43866595
38041369
36738692
10409805
3114739
1064962
275615721
275516313
273525123
270861119
197715455
193589878
179800154
176491694
176472553
175844069
174500431
167149168
164327632
161524465
159970024
144403598
138811856
135553912
134971255
134289941
115529605
113170347
99071723
95073986
77734830
73109887
70805516
68370874
57879692
56950023
55619928
54475708
45807490
37532564
20145604
20103008
13409465
6006865
1908261
1064984
276494584
275724995
275607532
274851727
205856666
200989314
190635651
187902434
187004608
184430849
181698916
177336106
172386578
157251935
143947377
140616998
140579049
140564585
137562441
125918728
125858418
121219841
87715257
84482683
62208207
59505128
59494760
58470047
57282398
56670451
53391624
53302213
52189401
51571008
48696593
46583121
41796749
17967602
13007177
1257387
276566596
276273229
276229370
274524433
249388069
205007749
171668602
170268442
170253419
155224022
155163127
148662510
140411963
138369518
136539434
134623601
127076336
125918720
125918687
125858407
116143710
114960924
111955627
84736951
66071570
64257129
64252563
59313885
55674527
55643587
50716196
48844283
44571352
41695388
10190865
9731241
9185588
1907461
1085852
895296
276377951
275906140
275020380
274023955
273643944
271409497
265528001
209671905
203847173
195160580
186881633
177499649
176491662
175876921
171816884
170331196
164286564
161409505
158774729
155560414
136317594
125918680
125858424
121006506
115672258
114672716
82462683
75618548
74776519
68141542
54477071
49472732
49037666
35913292
29253275
19382380
13636229
10409797
4424835
1379989
276562587
276104430
272000482
260845044
251548235
249713662
193601416
189604485
184896068
183335080
179800137
175688049
173299694
170561044
166768503
166480179
158856137
149644275
141367546
138956440
136332963
127686732
127356221
123502907
115247052
105933041
99078143
97357929
90868587
84970802
80140158
73401966
60839192
53955021
52632483
49351341
41374011
26298212
16680747
7220561
276377953
276070557
276065785
275418128
275244477
273894520
273244972
271137920
263582900
259513637
195843850
193588306
187216981
186230579
175432044
174510619
173299725
167907988
154231122
146951081
146932980
135553903
133815758
124069895
117642040
98329111
71938550
61998947
58213006
56172178
44967694
19787262
16552788
11721043
10608468
4933205
3795019
2378741
1717841
1507189
276478074
276422080
276387276
276343989
275928631
275762285
275489949
275122814
273649938
273452591
271069372
263677870
222093320
213954374
196873191
192990227
189177081
177612776
176292290
174224360
158856056
155828196
143611534
138382151
131260008
129577272
105539692
104439200
99324848
99078137
99078099
93001750
75487755
58395158
45839104
43604178
42013191
3584425
767317
648276
276316969
276229537
276224596
276178509
275927204
275385750
275010491
274827372
273878618
273155463
272184415
263648721
263119237
249890763
208131325
199728431
197581144
187186913
185965560
162195503
155280736
138489137
106695924
84871504
72544445
64249066
57768021
57657468
57360679
56758176
56607897
55617054
52292959
52146119
29279193
28462405
16989370
10686140
6570281
3470715
276596653
276504549
276308718
276282313
276134392
275483424
275131618
275024232
274375618
273235589
270861154
252283623
207641088
196718879
192793316
188610202
184314402
181000363
171100303
167420168
167145110
143611231
114912049
112549356
72077615
66700830
64000297
56229677
50819822
49111328
49104264
29183890
20151310
15290041
14081775
13135804
5183153
1083282
706046
486744
276442775
276122467
275226825
250020028
212218084
207717766
191425747
181000451
179980150
179800130
175154880
171668620
162195517
151660992
145221565
141651137
137790503
136424224
125265584
116877128
111852095
108895213
99078189
99077929
74341229
72673627
70511694
59105788
59085953
57281342
54123492
50246024
37676737
21257781
21257763
20102738
1908243
1064966
767254
599712
276498779
276165790
275597152
275235496
275014418
274088189
270233738
252396268
245771626
241732176
197382510
193589850
193589268
193588342
193210912
191144581
181361263
155561901
143614470
120523839
117640162
109837393
100910779
99078184
86152203
68370277
59422458
58863929
58491533
57083355
47485367
43979708
24980421
23367766
21196433
21073614
12542975
3657437
1521139
648277
274764369
274273465
272255808
270804768
248637631
213717712
191299407
186267263
184246033
182559408
178509481
176626834
176491676
169920580
161409519
161409461
161035395
154366478
133812637
117721604
114672711
114573571
113202374
109245474
99078107
72288182
70100819
52875070
50399364
37834871
33601409
32951828
24471063
23922021
14423468
10190864
7697742
5028691
4048203
1717809
274587203
273790966
273688419
272619669
247656226
198764576
196280416
191895236
191767218
184430412
178509570
178265013
171816973
171099820
170122885
165947549
124742832
123850412
91343914
88820854
74984590
73599774
73325552
70820437
69645225
59199720
55085083
53090121
52888798
43042985
41933166
41710577
39246578
21842086
21286713
14693651
13799086
1717849
1717791
1717773
276272935
276178713
275952558
275832222
275709371
275524001
272619663
262979703
216397644
212329457
191755730
186317603
177336108
171668589
157251914
155561933
153885246
140579048
135326036
134263603
125918714
125858391
121020714
115482873
102098785
100141780
99077921
92479626
68716382
58241195
52849372
52290405
49101209
37873507
36094634
13426593
7663701
3747989
3524413
484527