102387065
147969040
110646106
1254583
156224243
28035643
892527
167209871
249029665
270483515
84132267
50819880
134505835
194960749
529456
187183943
184476149
274374316
171871473
186495714
77917419
122437266
275354500
275362637
276349241
275474354
766804
92553532
111316147
69139354
96018406
74448331
50392581
51058763
57983642
115651541
109123711
270880238
32833612
174217849
58244258
196009852
7295755
3217923
193567295
1219669
193579409
146241256
270677877
107458507
88003352
6866413
276031340
164554380
3262161
76379559
44259453
263054441
274564654
181407133
128935254
192117424
193568479
73521963
3665433
259513943
10152416
52696657
92982560
35292967
68415041
135442235
164458921
57837428
7124931
124926007
166059231
100263960
3522761
184987595
203428870
22974266
73715841
7255931
1254673
85804967
182740941
3261211
273829007
44128872
120294321
101497305
54675275
35878236
207947665
260939338
242501089
271759694
77711451
117598706
273698040
8438370
276103415
74858683
102409936
63818025
274597343
173853680
119719097
53896397
276044059
275063865
275769117
276152436
275382353
131531524
169885717
274408295
3665771
1246035
11715049
45555276
72103308
2250775
58911643
72109275
69360356
11781042
273925782
276854528
48890249
52337956
85752639
59557653
56197070
275361680
186743659
274480712
41296396
275072609
20586643
99463625
6865709
168067539
275513932
95306035
75705805
136265463
2646875
275263706
1254631
2050479
275616605
124992544
153960176
107075129
25191981
274125909
205188355
137672159
263798948
25307763
214179997
275063684
275688766
83347542
180593001
170952946
14656137
108937941
125425768
83347203
70815706
16279248
16147531
55129703
50255242
273385780
10116626
95071251
55193006
50386528
273925720
51697825
209177927
213913208
212560333
83429308
22477937
87457129
14656147
35965768
54680124
54675288
55232559
49241132
189675472
119308981
787926
84870178
91390896
3856963
14350394
192340025
53505348
52197854
11741161
273839911
161904013
273304231
276308212
214589634
122437189
28108147
34845206
23835075
36601741
38354744
185991500
192706518
44306247
182727550
204450291
181772788
275818723
195249415
171651830
100279543
155224517
74404344
1378109
87392058
38649410
48290597
1237331
1254635
62874426
56650569
272885498
94702864
139509210
104191669
41340342
91471480
1254639
184414971
107353581
13373117
35129432
272242559
155833203
262676930
275692742
194788781
275264395
184591748
275277713
24865306
19356014
147975283
34531222
1254727
83347621
49324632
153941641
76029583
174055633
122831451
195249181
270126057
156403858
147975332
49659573
119719000
117219775
85800972
3668317
153937726
48563503
8512185
141582530
1254567
1378139
3121057
275803950
49472693
119719150
51268717
140579235
22230660
195249326
88025790
169343320
192738336
2045625
250970554
11221458
271362953
71150931
9802835
68995291
275339571
52110029
276566912
66205480
275603508
31897046
6349635
195664634
275711929
25142530
11487635
274370630
1254641
32968455
194961832
511348
271378946
83809831
275172165
17893166
275258272
24027524
2730177
141955901
275386239
176419459
54779162
275063724
225171842
275339704
149238728
13860493
104469261
263795530
142439136
213964639
274453633
83604340
71075907
116768956
194023573
172948856
276316044
270059041
252633645
276616652
271418661
54476251
262884865
275239981
41293830
275687098
162866830
89473525
92983313
275604041
255074960
17967585
1237293
244317933
182579879
189588928
29946919
16420415
205239005
3523595
85343430
276962340
3668281
275132375
50463042
275010808
18003080
94282778
274679877
273279336
275142031
22613485
247799992
272456437
89979541
41502149
167932875
82866667
22975262
117597884
121073250
51511258
181772747
276394475
55649718
274682766
116991250
117597875
270246850
51511276
96013931
271145934
247405976
169343286
247454806
212566596
46580082
124290581
247401918
271745365
171470448
150929607
155288114
173463497
184794821
54749509
47353118
73795218
88921228
117598477
5485879
97972878
72796216
68564784
195249283
182456852
155753486
150491046
276113248
181908818
91973091
82459827
96653083
125009528
1254773
94421463
45557646
95548201
182830496
34155820
273387744
68877509
68442580
72555849
74083498
188937366
25969322
75554546
275993179
25933443
163576613
102445310
208206856
34513035
59548941
1254601
275205820
275062998
646560
92133666
106680580
987019
275197966
111362293
273897969
72722988
184907371
114744981
275238413
11503718
272365203
2371205
176969649
65475914
89580999
273978479
176147612
50456405
273453686
273364976
275320526
215738836
36273203
196188517
275508038
71105002
1378161
53296107
171125271
208108782
57520399
273709862
127792464
84870183
17891240
87789165
132026986
100256806
2430315
273698078
54675284
1254625
54675045
35841278
89424377
11506461
146370320
275291349
116828251
14756331
176417606
40567862
178089164
72640260
83348129
892525
46578885
212601925
135111875
275618186
1378123
85805399
53772645
72642551
275049269
1176327
208211928
271199088
219138799
51660012
145148997
514210
63861428
54056877
275986942
171695667
83347244
14563208
53708171
18003631
273781938
68565448
203428977
102057427
50226569
71090915
892513
208202309
85804603
274735715
97979802
71549306
529457
49543118
21076785
766711
270707678
56186564
276176196
275732263
126097513
3770565
36278697
276236726
31139580
215914427
215741802
114744998
177830682
42347550
31513611
24085827
205927738
38993920
10007167
68480278
75831153
11510710
196241530
19899873
116057963
74542996
6288513
275286006
53265128
272128944
276004514
102163945
169828262
275323393
72880242
49543124
275205169
189946571
52980205
100264792
36370832
21744637
5483535
102410406
105328552
275896558
38716521
142439121
276452835
274763334
102654330
276315534
44257092
276601259
272352510
57986998
276355404
174134202
95306007
162581887
191356034
86284720
173539685
273250470
55709275
1510677
117221161
83347924
8315863
47301111
197264187
119719101
23485532
142871128
276345330
7543321
202329754
192398261
170641175
114745004
54784099
275239698
119719091
108695117
251382464
202956765
22210236
274076061
54160152
88092481
69246611
170065040
55638163
172949797
273294838
273709787
232014
158886987
95509657
2089717
1565461
107458302
192268403
68763501
57316562
89945425
170676094
139509379
72026298
71102314
276065171
115958741
51267437
57912349
275627422
162765993
184080370
68888307
212471166
174315749
119719065
53089368
276334293
72036810
57667416
895815
178265618
7543371
36300673
68480083
139289858
68024342
168736322
113125263
276104961
139508309
68479793
273379212
83347934
199519990
55776431
15202948
119719099
275361567
10713844
114745008
76543690
142870679
45155310
84322507
73432124
274453430
119624961
275291307
51709901
45400251
11944757
42972931
215741861
58624491
91830470
193898701
208211939
275191427
101949981
1254621
1580553
270819344
87912181
54674775
274480882
275931660
91876712
153941231
133811196
50696213
276506270
767076
273900108
195786127
37688394
12633806
94282825
99199506
18012417
87896383
101972201
47799604
35222171
193224505
39307432
109580095
275339623
58137497
122831605
83347560
25059582
152556216
189533605
10857220
276112690
275695721
139510455
275490041
117597789
275891613
63860106
1219677
25729423
155282733
9735470
45390450
8005980
142870535
273839804
72224801
274374379
205003601
1254627
56720741
108465819
133650961
141917443
275696920
142489341
176687594
174222415
21240305
10397107
274958138
186162812
275270674
114985753
96012076
119719081
186161747
66617233
247413145
275387631
127803133
275687132
275706408
273839889
275928925
42694494
124163166
73633334
274595950
276277976
275724752
15186836
271548173
28753036
271550730
66927978
276363050
74689554
94530408
16981545
68142901
111363919
75709076
1389309
107458102
873494
142872063
172167206
242986220
141201977
36861623
102445525
208212997
3855991
190863497
275337855
275270606
58684955
55636937
21025783
181772500
50710153
88003230
275016537
87534113
183562223
153941033
101972212
38151106
83346764
177335745
276408321
62643037
181772892
75490727
173854221
273872665
155315487
129228638
16567363
122831855
127785019
115251224
199701217
171695212
276082530
273872610
275951082
1254645
53223126
275339700
101908125
48165324
41089860
53229205
276177426
275931876
272458089
275929771
84870118
275628884
271758541
276308054
106053846
275016481
191548297
100084485
214502145
273454180
102446029
117598607
275214845
172948920
96406822
85804985
274641915
161904001
34480150
192470546
46105817
167045268
172948937
141503321
19374938
23303505
107356218
275049640
57475488
275912797
119719077
274471074
136187839
174121364
68480273
42758063
56219089
84102728
194195137
200979226
66088714
7971957
82103339
10585102
275951343
1338797
50296017
1176329
49989310
186634331
54902090
128588905
271233321
100483860
125735999
147855004
275622941
91118300
276762185
76838460
186161663
23010613
269986127
36020975
150385770
172167205
163148876
275586705
74151850
274656574
42493295
23347409
174488096
275133003
20531183
26460606
276615151
121233989
68821825
270115430
1237155
269848751
12488174
19662320
274778827
275132306
274763173
275782603
54675286
50941445
68229894
81185355
74044679
117026433
8561257
274391905
38603722
273884554
51697518
72890823
275070838
89624314
49520192
207208043
72182095
276568429
251526111
52229166
109343583
249004873
275271478
786870
6501581
205234526
275332129
49662730
274712632
13326068
53027009
150783869
195748292
95315879
276083153
38357272
55642163
273410754
50228419
25200617
66676588
276509292
276363859
276311526
276084312
275350437
275136678
274797825
270767543
251276244
200619513
189534709
180001057
173986661
164792937
162533389
162261664
162246644
151684854
147080186
139507974
139289840
138154595
133820225
116899885
100352048
94025483
88027145
75558005
72892712
58206719
56988102
50378157
49781069
19275462
11217175
7296003
7213479
6544001
6486825
787264
275951296
275895898
275852378
275423187
275387384
274584600
273726559
270708391
269844361
228689252
215738789
205897308
200618710
197410919
177484873
174308753
171706201
162766928
162766101
155011138
153936533
139289839
119319656
117350050
116017482
111463544
105247672
98030784
96910100
96447010
92133925
72781939
72655376
68526612
62835460
24453956
19476389
14656179
7295917
4819987
275006692
273582276
271145980
242783747
202525951
200619978
192288771
188964502
177298706
174550058
160793024
149403765
143186217
136187531
129422115
122831926
116046271
113406184
111463108
110151383
92131546
76203528
75754649
74568066
68833841
68480340
68326495
59282097
57726183
56415852
52987923
51703933
44254985
38380809
19458846
18009964
13415036
12289766
7923502
1176233
277387788
276560001
276323080
275967940
275386203
275247740
274368532
264311891
263505603
195249416
172948848
165703758
162206866
155049207
141962525
141962467
141962427
141917579
139718328
136179221
125736006
116622929
115437897
81007225
74695695
73409603
59048922
53515753
53131824
46105815
37672037
32322882
24202042
16257619
11604482
11336084
5483493
1237169
872384
787608
275814997
274995984
274668010
274608436
274428686
271359891
270849089
249389633
245769652
225910627
213539759
202246173
181237044
172948814
172167215
162360227
155041998
153942192
151543090
145780366
141962579
115438461
115317369
107522197
102096409
98029901
97822196
77154997
73466771
68611487
59436625
55877656
50934874
50512779
50413565
35565736
19892043
12289772
3670593
1176183
276616548
276177570
275803441
275587201
275570561
275387642
275129855
275081700
275063990
272129048
270753038
263069837
262018523
254148303
225214566
210429667
199898429
199270271
195249327
186639524
181566821
181399760
154234336
153941683
141917337
140520387
122831827
117597935
102410192
64043014
58669629
56117628
53455405
48248904
43129964
37941938
14643363
10958324
3528633
1254661
276364404
276162750
275423688
275261648
274968647
274590730
270301790
257844314
255342762
212565298
210166047
209385224
208059075
195547670
185188310
181773082
176784820
153943297
153940686
142872396
139289871
120294674
118180539
117598562
102410209
99275571
85801612
54674515
52075074
51330433
42777909
35588267
31962521
28150609
23053291
19553392
15508310
11467746
3277527
1254629
275896280
275419894
275153553
273872689
273410366
271198488
270060164
269848601
262865773
251535053
215905598
215904685
214597540
210155025
208108116
198510399
197578218
195249241
190181371
183351855
181772850
180509826
177534896
177482718
173882924
161957855
161027008
153941466
153937055
124243969
110288128
98603446
88021051
76282662
76197188
68112930
52717896
41215633
2906011
1254663
276641167
276109996
273787446
272350817
271198980
252062396
225954041
197744376
194405724
183497285
183355133
176718103
176681284
174369645
162619225
162618415
160428099
152751211
150158225
147885474
124966199
121534541
121262041
121262030
119719069
116692772
114399527
107458464
100990043
95306057
95306021
95306014
83346613
33854421
31239782
12635319
11584390
8559030
7030411
3613809
276007808
276007468
275888047
274072014
273910562
273556250
273319786
272225443
271744931
271327160
216280940
190631278
179520099
179398471
165597765
163568227
145302039
141917379
125838217
111362655
108925554
94678616
85804968
77182954
72109124
69107266
67239643
58210510
54447641
53505835
52614788
26678103
26668994
13376734
12055594
11444251
10007250
6579497
1254733
1254679
276152002
273655794
273655775
273319612
273297704
272243135
271218465
267869628
252062377
213860052
212583663
212559545
208107892
198035750
195343801
192978862
181565776
174626697
150931825
148883210
142871669
138288591
119719095
99834121
99045565
96425847
95306030
94522451
92137044
73722526
71963701
54341067
53611204
49990214
45555262
44902328
36630241
32191002
31142228
1899623
276350188
275885959
275628417
275291344
275291324
274670793
273931013
273787321
273787230
273711019
273621626
273515285
273417694
273279456
272629722
252062103
190235208
184242979
176238371
172948939
161904017
161413701
152457247
149387841
138277203
138227599
134390596
121262018
108934147
86591489
83347589
65119959
56231138
56036538
42319691
35801613
16648124
11584388
7139355
4932341
275477359
275079864
273910442
273516596
273492497
273319709
272302433
272243119
251929987
250335500
235715128
194143894
194143602
186739415
171535186
142871379
141924596
130069752
128510690
120294590
119719010
117598959
114399645
96447018
87706942
83346511
74215254
73175527
56705758
49861026
49733273
44003125
43834344
43111697
24005355
16686231
14656139
14045031
13607807
786434
275891409
275888156
275887988
275885982
274636113
274441024
273787480
273411392
272240666
270714688
269953830
253107103
249695533
243246201
198414518
195249371
192738335
189533530
183249397
170919584
119719075
118089455
117598663
102409945
90654950
83346783
80034857
75524084
74003088
73313209
68454388
68442876
56182854
55662834
53308205
49352274
38510294
35954106
16363195
6488631
276289657
275883534
275347271
275239900
275192759
275106133
274528152
274391412
273650710
273624718
273515375
272224991
262477901
252062344
213975338
197663517
190754952
178031754
170675067
152738354
146588948
145756282
141796743
138153936
131178215
122782375
114963689
88197038
82884088
68479904
68410455
56853055
50692988
46219353
35308544
31127311
25766450
7296047
1344377
1229371
275269639
275069018
274440281
274133565
273986995
273910671
264001914
235832268
215738865
206681725
200005413
196093326
195249296
194129671
193649704
192474425
189531652
188603366
169411307
165844366
147992309
125907340
117598679
113403677
108255969
101950068
85805337
84594029
82473990
76205995
58857504
58213358
57965891
56106325
53653226
53529708
52727063
33229109
22828975
17943855
276544451
276248987
275232712
274187098
273814706
262731589
250335422
243300717
243252869
220669176
212471348
194794101
192172806
189658998
188008809
174308536
155826983
155760080
153939581
142870272
141772466
132829080
127936287
120380518
120294399
119719072
117597905
108747113
104841100
104840592
95154357
83347953
68821692
68819527
56068760
55636855
37411170
32320589
14639495
3716593
276116698
275891574
275713549
275654272
275567568
275386226
275228980
275104815
274447547
273621553
273286927
257779807
223830741
212602355
206952976
196904412
195782414
193650086
192170883
182993319
177659942
172948926
163132322
155762527
148631724
146583489
144409715
131903700
127905332
119719087
119718962
95019175
83855657
75949733
72973286
61358840
58400468
52109999
36740047
31139105
277342805
276557785
276309126
275946105
275891495
275891380
275766253
275291377
275261447
275204627
272242791
272056670
253273875
208602477
202782532
198424621
196050638
193685080
191899203
177145221
174613828
174314587
172948862
172948831
155045408
139507557
122829932
116016846
112585447
102116965
70130237
56708422
49262304
20132510
15343372
10384510
7499171
5757605
4069335
889240
276423386
275701607
275695971
274647046
274187731
274067041
273872652
273622104
273241813
252061518
247840155
198895262
195651744
191897399
177145541
175955619
172948855
153937257
147763773
142871131
141924586
134500186
107458626
104260331
96911480
87055685
85804549
63953885
62684323
58533627
57312290
56720719
56225545
51009122
40874971
36784690
36536179
35363665
6349653
1338387
276334866
276173441
275891513
275887888
275788224
275706964
275190833
275132863
274185934
273900205
263627430
195912038
184990127
182580722
178082163
153939921
149387874
142843020
138450841
121262019
116788460
116207889
113710912
107458158
101972036
73836821
70903749
68349527
68079259
63676132
58935495
55460891
43109024
23106843
16165791
12251345
11597872
10280057
9854735
1176157
276462526
275891462
275887809
275624645
275514839
273533915
272366141
263294994
262057105
253414605
213859524
212610367
212601019
177299278
175953562
172948785
155563234
149945615
143845041
142871938
141962101
137854735
125904725
125173549
121258698
117337057
115471868
108247166
95221684
78017818
55572809
55356720
54479800
52662630
51039146
44327278
31067986
13980586
4407315
3261751
276467045
275885939
275386317
275213993
275049590
274450189
273733463
273084569
272647456
272242916
263954171
252062235
251931380
249092653
205823130
200005279
192738342
189595794
174651495
145780361
143962963
132189382
129575222
115720891
109344173
108246537
83346635
82458984
80787076
77774825
73872014
54445865
49550085
44241782
42426659
40875966
35289910
35222361
31142486
11250120
276538869
276113546
275762226
275627232
275570254
275049326
274442162
274378411
273555703
273535577
271544449
271420280
270822798
270708660
212566260
208598766
207888548
199901709
194585055
193900373
192932142
189684539
171695646
150385784
141961969
138448398
85801194
77735597
74441824
68400865
66072615
55834703
50590394
41599418
35129467
32214053
22322969
8147648
7221167
4987541
276035967
275854516
275474295
275220575
275199211
274800901
274191056
260816702
244310477
209306261
202770316
194033312
193513020
177300244
176749933
176448670
174666228
173883888
160370373
155043426
153937485
148843216
144361365
138154610
132862915
124632183
122831260
122376438
119332869
108130716
74533674
71934733
67076640
59506276
50882997
42276058
17967573
11218925
6388093
1392591