276557635
276474485
276178085
276070213
275975448
275905233
275614367
275576583
275127044
274614718
273328811
273168499
257780669
255421912
195971791
167558939
155113398
132285708
123548222
123548101
123547597
114924880
110791834
109190689
102683224
91272439
87180717
32505959
21180803
19401965
17908150
17589148
16033028
15817458
14620479
7633108
4794557
4374799
4315713
3519947
276474249
275677504
275498761
275465010
275378680
275377930
274844513
274843235
274780857
274179481
273905380
273445958
273439417
262860015
252295492
199248041
199177871
190631354
185655713
184067936
178058672
174309159
162152249
153982448
131390794
114078635
94998010
91272462
91272453
85376469
73784133
68697181
54414920
52780228
49291897
46221893
24229382
16878549
3716571
1954105
276397532
276379145
275659244
275611571
274870710
274868122
273548020
273502215
273353940
273350367
272748481
271537158
271438039
216334092
214497224
213701862
208498986
203317290
197572104
196897091
193878761
188276075
184488225
178268021
141471715
138831256
114447971
100087607
94857614
91272600
88789945
74198357
73947787
62754437
53639843
50560433
36996482
15672319
4175491
459562
275856361
275400211
275244440
275196464
274938660
274843223
274171054
274156203
274021727
271487307
271304184
270956151
204989495
200653390
184475236
178058676
178058668
157425785
138148985
136825940
126022277
123547771
115720109
113911986
113048561
105626609
104810156
95569676
75815880
70202311
68760491
56713023
54020025
52788525
52782388
17872839
15972213
3813421
3738869
3693359
276390032
276365706
276087883
276087801
276087799
275709316
275265201
275194473
273605454
272748478
271419995
270305705
215389544
203897690
196521682
186088491
178331613
178331228
177629263
170331227
166449029
162183173
161409071
125273723
119690594
116135614
115710677
114921753
114853076
91550407
73598645
70359524
53519002
50896195
15870462
14867897
7749111
4802917
4678979
459566
275646608
275347139
274034304
272748477
272052268
255174830
214924155
199252853
197623440
197596814
196250720
196023272
195917220
194040208
189658693
176463766
176058957
174311813
153609467
133736092
120338371
118537278
114772016
107223650
104822599
95923190
93159118
92020692
83489477
77745474
73784131
67864955
56115950
55790936
55769146
49360002
22663695
19844214
16966885
2080793
276032905
275993195
275870404
275863311
275270796
275270303
274887957
274881772
273682944
252762586
252580700
231072585
229714879
216335550
204337380
198858805
196719547
192193372
191689962
189204315
178058678
176463760
146363487
140192388
136666493
132785958
131007332
114772658
108474434
107100928
102088301
92020827
85378388
83419113
77015834
50560418
36995337
1956689
806420
460158
276606799
276425072
275585390
274843191
273682672
273458681
273377710
273349737
270098849
263352246
260810612
251443427
203898447
199540064
199250105
196015041
193605841
186314067
177994213
174371501
171262021
161256706
160446253
109693112
103699237
99038996
94522294
92939385
91272464
83419105
83344560
74526984
68760697
68366981
23398889
10003165
4797187
3812659
569797
543062
276379149
276271161
275793459
275495487
275042735
275033450
274185329
274034089
273897201
273378409
271663205
271328770
271121692
268505414
259514014
247344138
229719784
227046039
214813268
212993052
199526485
198111642
173776532
161385415
158959632
131170630
108433859
99115798
94149946
83849476
77913427
77117751
71149573
55792438
50330599
48574854
20332543
2003079
1010522
756761
276209754
275400293
274855604
274843214
274065956
274030276
271021887
270258471
270100821
229721760
210427123
196781085
195974897
193613599
191954424
190082549
182555815
179377455
177533833
174241117
171093174
142259671
135475714
107981042
104958468
97769229
82685163
77749481
57340004
42819626
19989029
13674032
11998183
4799643
4678975
4178855
4161697
3739003
556124
459574
276472525
274136368
273693914
273448155
273232977
272337295
261947472
252052383
213527130
199520453
199171334
194033714
192074170
186391912
181447376
179936870
178264538
171447474
171091306
160211497
134779977
131526180
123547565
110677444
108474435
75364280
73717462
73681047
73103399
70354053
57285723
53721361
52020476
44056460
41098266
36549940
12219773
4176685
1933169
891668
276607960
275765373
275020293
274870762
274181279
273476459
273238212
272052304
257538285
208066150
208013372
206483699
204874701
204338709
203916634
197853158
197852947
196830272
192193315
190080668
188324739
176289386
174183296
119692012
115701176
114830872
102574928
99329382
73785458
73157319
71950259
55824912
55067938
52792455
49607755
48606367
48312117
23474497
4192861
3738813
276503446
275910116
275671672
275244561
274866753
274793195
274034297
273326157
270464694
248898468
248237801
247960057
213522590
194806157
188321803
188127316
177609910
171092196
160427484
126032520
121103152
119976828
115849439
112730619
106066668
102102924
82231255
81362754
81225332
70642375
67086335
55750909
54784338
41098424
32977521
23556596
20501891
3812813
536240
459580
276411808
276067230
275738556
274780141
273890854
273272034
263630332
248208320
209396214
205004690
197623442
195961301
193614759
183352751
178093791
177757596
172365693
145680787
136825960
107534628
107350807
93053607
81356964
77744257
66370486
54756812
54756808
54750206
53451612
53243578
51996138
48606304
48579616
34543675
20549992
10214414
10189440
4799433
1955619
1935751
276492187
276415652
276367846
276249304
276068614
275499021
275247634
275028599
274969952
274843323
274615237
274183848
263585001
253096064
203467471
202854435
198563756
195823178
195647461
191071146
179956078
167983365
126796798
122171773
115267048
114696020
113253969
93556734
91205840
75986369
73174419
71149178
50560420
20502795
19928605
16575776
16537528
16464321
10993540
1025096
276606018
276503578
276381848
276379911
276379164
276268195
276250310
275723235
275495908
275376568
275135940
274855692
274466206
274356503
273351808
272850098
271069176
270470464
270258716
263295711
214678313
200850980
198016619
196196986
190140797
188050563
176289471
174310364
173755564
133934724
120535083
97015567
83491590
73340788
52433186
31587116
22070594
17487128
1946373
805632
276248983
276068934
275240217
274870404
273465430
271412113
270469409
262653754
257780665
253600932
247461730
216333829
205220489
199058519
198932631
195956112
193777486
191081525
188042150
182578964
161409054
144489753
135351329
126809720
98888600
91272463
91272435
90576182
70217588
67087334
53453061
51246128
50885564
35909293
23825797
20478646
17010861
13354488
13298927
4175675
276379140
276367807
276167014
275814307
275655333
275646140
275498967
275399670
275136307
275020992
274034430
272028757
271418628
262687934
253498992
226824050
225909498
213852115
202895301
201843045
196196791
193241651
179142389
178528468
161409098
149478727
115934736
110645408
102108744
88797529
87571543
72294932
68248889
53607913
36723110
26144908
17594414
3738919
1892027
1530039
276621107
276474083
276377624
276331365
276182211
275803438
275665247
275245427
275244717
274844737
273446649
272850079
254114698
253096068
247656192
216333101
206502457
205899428
197639229
195651746
180736426
162736038
127743201
126034992
115993780
115914369
114821650
103635780
103404809
103388298
87924486
84736001
81362777
76357858
48575548
36723866
22934539
20332705
16966871
460162
276621556
276374807
276331499
275248326
275235154
275033870
274855915
274583415
274151934
273640594
273474417
270488513
249766749
249213125
199243511
198565193
197574524
195564751
195510017
183688624
181917321
176463750
173782485
155829403
115795832
113699437
95677802
92504473
74003148
68851241
68366985
59452897
54756796
48630418
36743904
34744943
16966887
4584963
1892015
556260
276503564
276492183
276435609
276249186
276181662
276173169
275863914
275658923
274604294
274447394
274114350
273897312
273509848
273285593
271200265
271141408
254138309
213518914
207872108
196537810
194212030
179531208
174241123
161256222
143147304
126300758
120918182
113911903
106361710
58962575
54761000
54414922
23556594
20332534
16033030
4794489
4172279
3413457
1953951
459525
276473564
276415813
276374893
276243718
275335647
274843342
274031620
273697367
273664768
271544368
261947474
248214822
212425712
208197956
195771211
194212076
191958551
189336414
189176771
186107153
184038884
178777299
177549198
162815443
162736034
136825948
123547813
112695816
90572405
90532385
83432709
68855095
54784334
54750222
54406054
36743552
32925534
1615801
823162
566250
276380107
276363861
275655645
275333010
274843293
274781618
274466411
274253527
274187600
274031450
273874403
273532838
272850656
272058567
263696057
250078848
217144114
204872711
204626937
200948405
198777317
195959418
192202335
178062052
157424564
139337238
101960957
95037820
83344554
81089499
74019684
73176691
68778600
50911573
21203206
17605326
17031856
13775999
4184251
635342
276364047
276363960
276252722
276248887
276086824
276077045
275686537
275651493
275438704
275244939
274669851
274660398
274659970
274250355
273474512
273465926
273364219
263579503
261947470
259887057
252090704
247961754
208010538
205924676
205031408
201686993
200949452
198096857
196189343
194456469
191689759
191427248
185248285
162735992
108209451
99039017
96420710
54750226
53443853
3813231
276503556
276375120
276364002
276195734
276030731
275992686
275603777
275245456
275080451
274947607
274862540
274612410
274019904
273408599
261798680
250384762
230031912
229954721
215217573
213517875
207492878
207294928
203469024
198929471
170730899
166449083
162771934
137127930
123547513
116125136
74038072
58910859
56850885
54351894
53518387
32925551
23923398
5754581
1711843
460184
276380325
276362981
276249462
276008343
275401631
275135664
275078405
274879738
274742254
274363152
274250836
274136648
272669914
262688038
249667127
248844526
208286201
205040140
201089124
199544768
199518719
198364337
196190749
195915619
189642862
184897356
176485626
107361635
102583133
82230001
73892343
67447238
56403960
53247195
44214977
26270162
14496268
3810897
791692
790980
276434702
276271242
274805929
274709704
273983313
273548452
270834609
270258877
253461893
253096042
249033305
207193108
204626100
199978794
196530223
196193637
196028276
188270733
174241116
140944957
127217382
119692556
115104718
106936709
96597654
92712794
90655575
88797531
83344534
75523665
75363994
73611096
56229330
56113800
55791638
54582174
37878694
4802385
462802
459554
276487323
276467824
276379158
276153028
276152401
275863646
275765586
275604711
275269727
274878642
273971559
273903631
272383195
263690557
249892031
216467100
214009933
197644518
196685984
195660661
193613827
186235593
176939399
119952345
112281001
108466150
93206050
83849495
83344550
60162272
53240991
51246141
38101620
36996506
17609073
16558098
4370849
4184815
2003631
891422
276606084
276415401
276363905
276343117
276303890
276271026
276094790
275814734
275219579
274843351
274843239
274661307
274604270
274557048
274026212
271955987
249257295
204868027
203187180
198822612
198437020
197667554
196193768
171616921
158445872
145388958
133599554
113502826
108724705
105345415
102504488
102108877
98877969
93926666
92508194
74954411
74038352
72614338
50560441
4191599
276276334
276248808
276145883
275815388
275578602
275245136
275078335
274843401
274692562
274156306
274152174
274136390
272397592
270485105
270484803
268738119
253462068
252912022
247722164
242985096
217188119
204640832
193711558
186318609
157425699
155827282
116020884
112687710
111371207
107670971
106083056
105617518
103550678
76527754
73759055
68481070
23404135
22043041
20519658
462803
276503330
276475077
276446597
275802968
275284465
275245028
275117076
274796489
274604314
274156186
273899012
273896718
273466722
273386285
270098373
263557492
253461441
249026389
247888962
216335558
216335552
203757487
200005232
196549016
194212013
189642859
186187978
146258330
133823380
116132366
110688295
102108808
76357761
72797571
57689611
53027651
52653891
16538401
8356903
790546
276364026
276271281
275826481
275707531
275655011
275603620
275438276
275289680
274870531
274784114
274613105
274034438
273471358
271119409
263763653
263754381
250078981
248654953
246208809
210885976
199632071
198203255
198200129
196190848
172374487
171093206
171090080
163677536
143032357
114613084
106339322
93853673
92871633
81311093
77913420
76204509
68661936
57339571
52663967
460178
276408673
276271259
276243741
275106852
274661072
274604250
274186870
273915406
272231656
271534631
263861716
263684877
263415786
251736847
217115796
207853937
204873005
203897933
203708352
201104854
196537630
192124371
179368078
174241115
171097125
171091174
141111455
126796796
102108757
99038020
91755901
87924309
57277527
55464528
50871734
49089541
36738731
32925577
16878040
4802465
276503558
276503391
275664915
275428213
275279209
274998432
274831418
274447611
274324802
273574282
273080928
272837549
253263655
229736447
216435220
208016574
207024166
205897902
205691077
204899787
203433885
197141897
196535410
193617578
192812811
190558412
189642858
164274969
153262015
151489089
133141498
115932783
100478475
76357695
75636273
72614156
53655391
22125847
16580072
6692397
276475110
276365509
276275695
276249963
276248835
276229596
275920134
275602959
275234898
275036281
274586356
274019727
273536789
272850799
270447046
252870341
248757900
230766480
229770134
225238074
206537222
204871946
200828788
199113933
198955391
196706977
112728864
110123591
107366971
96338279
91209791
85378386
35973992
19696366
16936442
16538703
4794349
4737083
806322
800440
276492185
276181389
275269649
274843411
273533380
273446774
272850574
272375882
270487641
247658055
229715461
202490833
198732262
197623446
195973102
194770094
193685076
186526862
181784346
177814310
151545645
140634926
128628167
112218652
108883892
103664543
97009118
91272440
90413547
80032068
76021822
72797573
53246247
53227387
52789796
35575713
16966882
16398913
806220
460160
276379138
276008645
275658858
275249046
275032681
274681109
274635587
274583612
274356803
274019707
273979579
273351963
272939290
271054842
270786187
254441530
252728099
252090687
249054381
215217620
209603638
205001152
188127030
153535636
146161479
133580724
116396523
114902469
114831748
114412217
91373867
81225601
54615754
53135753
51235924
37175069
36651922
16966873
891528
569795
276421302
276412004
276379947
276307329
276270997
276181334
276181230
275717811
275646563
274754362
274691764
274679918
274211314
274156273
271802025
261947466
257786703
252976244
248802230
232199190
214690918
214075106
201437618
197340889
195918337
194212012
186484329
157425183
153262157
135351333
115981658
114818234
96596625
74021331
73952674
73798564
59080268
51246130
8283189
888748
276503576
276420462
276380128
276343517
276271285
276181318
275924484
275873213
275863111
275603368
275101711
274917062
274855380
274615423
274604316
274465841
274187006
273171839
270798967
269989565
263685700
262733100
252568383
252138707
248248449
246208323
216335320
216333005
207640624
202511704
174376444
162736050
116049074
95101030
84800805
16586720
3720111
800430
485325
460185
275815756
275661772
275566753
275437064
274184389
274082646
273686260
273553247
273547781
273102619
272850060
262567620
261028763
260110595
249299153
213565068
207659359
204627036
204050263
197623444
186070278
164273194
160446297
146396084
144488702
110107566
98686525
85368109
84859632
83079009
81362797
56113792
54760994
54395159
44180190
20200146
19776747
4805107
4736933
1265845
276383076
276249776
275889055
275814817
275805302
274853952
274660207
274604292
273954097
273533477
273466065
273465227
268516208
262779273
252258033
251517513
249022940
242758768
215217527
202516223
197344458
197210874
196190157
195912918
188050736
184466390
176289443
174375243
133885322
112194205
83344566
81317322
72613933
54789534
20332547
16570249
4802991
4794517
3345493
828431
276181431
276174331
275566779
275506258
275008701
274866602
274688360
274604278
274585626
274289646
274034060
273897396
273378894
272346134
263692750
263625904
248929054
216888877
198750026
197124034
194857691
192908736
192726678
189463906
186111594
179936884
174369476
155115222
132837875
77745320
68854160
57277256
53017691
50903143
36729575
36627438
20332530
10189205
1711841
459587
276621608
276559491
276503570
276396996
276379984
276086854
275731813
275610924
275414998
275237100
275182086
275149744
274635742
274635647
274525245
274291036
273284723
271304506
251257225
208196603
201348151
193383234
192138231
192104047
173427526
153261924
116135563
103774619
101217842
92018244
91333499
91333395
81362796
68462381
66810911
33212679
21179344
19401882
14485598
690455
276087930
275861842
275579471
275042951
274852872
274186734
274062392
273982682
272850985
263693870
255175597
249004760
247464773
215592006
215388979
210765605
207705998
207566435
206641024
205895205
194393479
194040788
193568398
189460132
166120746
142781325
139440696
125348985
112717473
108003776
104256857
99110646
90338691
74493101
53447185
50873449
50739872
26147510
20332528
16583625
276606277
276503582
276503574
276412012
276360605
276087240
275958952
275731660
275729972
275033001
274933962
274880735
274853719
274635626
274524933
274362903
274290568
274034091
273358487
271790579
255174835
216406809
212580592
208286194
194950275
193608765
185691386
181971798
164338475
133630114
114993665
114842686
108746417
103774237
92067075
91305392
52646227
48632568
33279197
805574
276606243
276522574
276503448
276366870
276256244
276151666
275611395
275603494
275237347
275235152
274444350
274380476
272850882
271772708
267343098
257786704
255175069
249676840
248521521
247717489
217144134
193138084
189459847
186493904
177546631
172975276
164273276
153262056
145557140
135351331
115312417
92804508
54756824
36736858
23617706
16538664
16538424
4805161
4804459
460170
276623240
275957793
275923065
275269812
275229261
275041565
275013057
274762106
274690633
274660521
274290746
274289412
273532917
273172264
263483254
217190344
214075105
207563458
207563333
205898324
204625991
201581158
193567473
189642864
168586414
140826385
122277660
116132585
100898780
98165016
95932118
90597641
90524347
90367033
63577026
51235920
36994836
36171965
33797180
1935763
276452077
276145982
275928675
275665285
275629772
275611733
275106104
275088970
274999687
274967778
274681199
274635785
274533432
274289129
273947998
273161074
272227615
261799425
254138325
248891790
248886887
247338836
215299591
205899462
204051977
200623354
194373072
193879123
188043164
184084613
164275461
113048768
90866067
84458078
70216956
38447638
36728997
13298970
10189415
807388
276503408
276196403
276179701
276173215
275822765
275669159
275603347
275043042
275019678
274604310
273442688
273078750
271141145
208373315
206637396
205319383
202834924
199764781
199122938
198199160
193879331
189462400
181927781
178062046
149713433
146585876
112297450
108888229
108883056
90573731
74487384
70832860
54784316
47815036
36723495
16583288
16580294
10189458
4805395
805726
276286694
276196178
276087927
275826251
275646931
275611731
275287382
275220228
274999450
274822771
274612525
274380713
274290973
274289701
273410479
273202766
273171851
272338812
271592761
215217644
204658827
202792064
196028946
186348907
177757592
172990363
162866823
140836636
116021702
101966931
90572970
74440468
73567455
53450133
48635149
36049158
24945090
14563976
806528
805578