276226659
276024489
274337143
273951828
272913565
210425483
199896249
197419814
195536360
192135155
189266374
187188390
184955659
181247134
177772693
177642266
163035058
161943939
158631445
149969265
141490261
140573000
120970633
108747100
107667053
106901880
106605092
105159478
104438755
92161380
88979578
86860057
74301261
72851806
57382862
55060972
32859444
28731166
28590683
20235117
276316071
276231168
276004096
275720458
274877477
274876406
274795850
274536266
273901205
271793026
271101726
263339105
262796298
214917532
203875211
191511012
189172374
188487235
188486981
186553880
177750603
177164437
172077680
151489262
127379023
115263821
112957249
108563064
83193759
80849903
66494165
59207075
56747495
52252644
52240827
36979068
36978601
31716333
20818009
1998767
275855837
275678655
275654639
275523993
275377178
274938961
274657854
274567722
274455330
272723148
213942693
210429292
210145567
210144694
190792597
187396210
187313016
186740283
177827445
133235317
106546363
84196932
83479559
76826323
74300815
66563614
66499993
59210030
57151356
52236446
43126126
42980065
37719201
37703250
32726343
31680508
23166857
22968792
14040365
8005161
275605641
274567362
271798676
270534627
270123060
263582289
242812826
209896689
207382122
200772589
195528473
192705088
192134946
190759720
187375766
186740219
171812308
170069022
153515458
144236060
141500349
135373475
133847001
115263791
106876783
91255452
91254419
91010827
86963159
83480711
76289908
59211695
59211327
55120294
51297276
43118520
36980153
27170796
22969322
19984182
276239567
275711130
275477882
274877374
273639809
273466572
214188835
192937948
192704744
190740844
189313332
189179216
186630810
177651328
176714650
165997328
151778357
151757207
149779905
145771465
130069901
108392260
106583924
91258729
91229995
91029933
91019369
76385061
74536771
59211896
57325782
56360249
56095220
55086776
52275051
46810419
22969892
10039479
8005362
7992647
276138427
275984954
275856170
275663006
275654060
275415309
274936930
274567288
273640348
273533435
273386037
271424068
263980505
263484028
262581799
262469662
252911536
250104261
249935663
188410416
164590337
160403634
150735516
147419466
146260183
112959976
107675669
100308053
72011746
59208547
57283747
55409944
54671476
54066106
52251205
43182509
40826725
35029677
7993385
6187099
276477945
276437607
276435922
276367522
276349976
276098451
275593713
274566536
274564865
273951791
273659266
273410682
270805150
270305964
263977799
262504452
252582837
251462728
212949778
210007013
197608669
126303704
115264279
112961003
112959714
112958141
112957947
99089116
76796961
76384537
59207398
53108304
53037571
45948127
45948108
44573667
42737920
41996560
36022493
23360693
276473329
276357524
275975462
275892582
275523997
275381850
274936348
274934355
274709869
274535356
273639484
270548902
262797435
214166434
197418062
197044015
195547325
195528889
192937741
192643040
190737358
186740130
174384911
169914748
165998023
155751830
150860309
149780341
149779946
147588439
112960472
112958135
91255482
91205516
84197046
76537799
53047040
26848576
22986513
12696057
276357696
276357513
276357500
275707536
275622299
275523989
275183194
274935054
197637839
195520342
195357367
192196517
190739763
188657473
187311516
174580656
173563018
172963321
166034273
153573532
133236075
129354416
91011976
74370871
74307584
72101747
62649454
58366444
56360027
55055051
52274758
48333238
40344004
36978574
36926828
22968560
20416810
20415496
10037828
10037770
277384594
276617595
276238381
275837453
275790311
275789431
274795393
274638952
274567391
274524012
273685762
271784201
252090207
214000480
198431306
197966679
196342649
189318903
186633861
186632941
180364499
177643992
171873884
150862758
150859559
150733008
110461293
90374824
76538762
72039444
59561949
59207843
59206148
57810166
55073373
54384192
53112821
52242549
44573182
36978561
276565672
276192665
276099620
275834780
275496270
275477998
274963030
274937106
273289221
271787312
271235550
270830303
270814743
262503952
262058859
257683159
210966154
200519451
195328737
189289457
177663066
173567264
149147409
147754911
116298542
116296025
112959120
108703849
107211606
107153671
98267642
87961116
76299288
72913444
72304182
59453678
56093959
47293616
15246345
8413988
276609881
275905429
275789458
275720016
275678350
275523959
275234253
274501037
273978581
273574848
273549186
273412828
273290611
269852691
253128185
252596684
252596105
209377313
208496276
198287080
196517635
186635141
171202970
151505384
127379313
112960893
112957786
91052315
76225151
72309623
72303328
72100004
59209381
45844985
42739062
31514418
23098296
10048322
2692049
1991893
276357062
276178940
275892403
275722647
275523957
275160345
274844379
274503115
274388016
273685707
273685436
273638819
273549385
273549174
273467480
273288322
273265604
253307348
198457946
187313061
177667094
177644514
172072701
172061924
171876748
124182932
120049682
91270908
68991493
59564327
52242929
46760225
42736354
40907686
20759844
15333738
8448820
2691129
2024039
159898
276112742
275799167
275711642
275384484
274997601
274934947
274878809
274877895
274847207
274732789
274535238
274388071
273573232
273549425
273549179
273536142
264051977
263276728
263276164
263093204
252266501
207279645
205051598
199994564
141296164
120169186
120049526
120048998
112957965
112957355
112956455
104438684
91023116
79608204
52239789
40810250
38282457
12652283
5532427
887146
276674527
276671564
276671523
276377464
276357707
275839187
275602783
274878255
273687598
273183052
272529774
271782748
271542072
269356574
261825299
252597179
250114556
210762451
208076326
207729337
195552603
194187130
182087337
172565550
168919502
133235288
127380264
120576254
108591209
101058002
91256337
80789610
59233669
56360487
52250487
42736809
42736406
42734271
8005607
7993533
276194397
275839165
275714405
275662162
275659278
275655339
275140754
274916383
274523991
273582153
272890388
271793478
261824879
213724172
197663303
192802180
178113539
172972756
170110746
129233346
116295851
113206920
109546785
108511546
104792780
101029840
87940576
87134083
53055153
53043343
52228079
50743767
48329854
42734518
38279646
33024701
15405796
15246575
12525704
2024015
276565428
276437653
276167947
275183379
275177586
274999253
274934763
274879478
273950725
273904895
273874376
273728445
273684792
273682733
272374760
271289081
263255972
251404551
247990609
207735018
203810945
193889750
190741773
189267954
177518483
171202354
171201545
171201466
165588823
157062466
118100410
99030705
88011631
84199259
73120993
52240877
37813711
25305359
7986108
1998827
276610111
276357432
276230700
275984922
275922100
275900612
275892390
275837538
274877680
274628812
272401318
272199666
271423184
271306999
270217693
265725134
262082020
258636267
254903581
252632550
246013170
229964299
210955991
209377196
200765557
196812698
192840095
172074162
164597706
145771389
116296067
112962086
112958887
72306825
68584785
67248399
50262184
21973683
13852810
8440260
276424014
276231641
276090062
276043590
276019851
275855210
275711507
275662196
275523943
275502943
275477595
275416803
275011300
275010744
274909037
274502611
273025610
270549063
269895985
263582380
262799726
208324988
207359021
200763560
196424649
192364649
177707241
177663329
148750952
129352281
127379674
120049552
112956447
112826836
110473725
98590255
74181349
52250860
42733854
19943471
276605566
276565861
276565415
276481488
276254042
276190852
276002502
275966188
275892449
275888299
275790103
275523999
275496158
274422740
273992155
273536500
273363503
273264606
273061510
273050999
271439907
270794639
262799872
262530566
252584167
210138445
207778665
205820079
189173046
181523407
176896551
173558280
171201432
112961804
112959261
112826418
75934198
42733111
36685048
21979724
276254057
276240451
276113123
276067258
275603104
275502661
274557609
273795291
273685553
273685178
273546542
273538847
273370139
273277425
263276754
263276377
252609020
252584531
252070250
248683435
208747784
195551288
172070589
133235260
112962374
112959784
112956762
109853076
106868938
106540389
101050653
95269091
77715686
76299346
55409782
50741277
40824360
32403650
25051806
7375077
276440398
276304519
276229604
276104819
276095222
275831335
275689476
275600329
275054806
274876806
274760237
274613783
273264570
271993350
271987615
270966189
270682588
265622171
262839571
262520301
262503461
252390524
206133171
201671944
197174819
186333572
175014659
171871476
171202809
155751800
112960205
112957227
75831115
72295890
59231662
48531272
48249358
31808202
28737579
1991923
276436303
276113601
276105279
276103505
275270637
275191143
275036380
275025187
274936145
274827111
274212072
273685254
273516336
270212114
263982548
253096750
252317781
250107968
247990661
229956362
216940208
212605628
212035826
207197174
205820491
194187614
176725915
171201979
164584871
116298169
112959862
84199929
76827985
58386447
56336541
42738167
25461401
12694347
2683363
2023943
276437578
276368107
275677526
275427795
275377221
274974513
274805875
274503053
273905263
273874240
273850400
273685407
273682546
273359505
273289108
273255807
273135294
271794133
271398085
265178651
252090418
252060189
247261084
205943417
200631006
198452118
187237640
186501812
181921300
164595575
153010553
120049231
106502983
101012894
99096123
56365895
42739365
42738245
42738102
42733711
276349516
276231529
276094601
275853364
275716248
273978798
273685468
272444098
270648758
263984305
263983774
262521137
253405883
252226071
210274125
209612574
205747975
200736328
198741055
186626900
175831004
173185290
172316360
165238428
120049042
112958764
112958580
112958528
112826474
76384643
76213447
68919034
59566045
44075289
42734154
42734010
36719644
36718914
35021029
1991905
276646848
276602761
276364198
276258498
276172889
276113978
275535574
275377110
274993178
274732908
274732754
274716048
274643586
273685004
273659336
273639398
273264556
273264504
262453338
253357523
245769935
207506392
205304769
198272113
177343143
174550704
153010040
115711099
112958838
112957751
112956137
112827319
106109236
55780333
50261415
42736965
42734876
42734114
42733763
42732942
276415969
276234253
276098607
276098515
275622258
275011345
274526587
274502787
273728512
273685521
273682353
272427177
272426123
270648900
270074980
263041169
262799246
262523466
260816736
252068592
212212913
207726090
198272033
194186940
194186910
189172897
177269929
120339618
112958976
104556703
101056121
94635986
94635613
92555066
72307216
42738219
42733085
36722129
34843791
32173380
276458174
276436143
275798981
275790637
275011126
274999429
274732793
274527964
274471335
273693230
273685386
273684917
273684616
273264497
272426500
271434319
270815273
262518791
262473173
252913487
245774219
210401928
207515866
203965448
192802320
187215962
180730723
129352191
112956970
112827241
109884687
101057573
70567472
52890135
51289444
42739472
42739310
12655744
7989264
7985178
276665643
276630597
276461957
276428558
276188249
275790410
274992893
274908376
274628755
274539657
274537587
274526717
274501349
273685163
273056507
272617028
263978772
245770486
214106131
211936623
205820269
204461320
200971148
196802825
194187678
193666986
189179654
177772556
175810610
171202229
129566952
112961739
112960663
112957528
112956823
112827829
112826326
55292789
52275306
42733202
276190873
276135283
275991934
275604435
275602172
275361892
274806499
274357872
273968474
273685743
273563716
273371724
273321705
273288976
273264483
271439645
270548778
263276983
262795829
262581961
253110487
210415104
206241374
205218176
187217244
186638386
175816665
171202156
112958734
112957100
112826952
55315244
53775362
42738964
42737212
42734440
18006537
17525061
12530748
2684093
276565832
276461663
276357483
276168374
275798659
275790117
275178387
274103023
273873891
273685051
273684720
273679054
273264552
273061583
272435270
272374932
270210968
265177174
262571775
262081108
254904363
252261911
249967896
229954589
209892587
198741259
163550663
112962160
112958932
112826317
106045756
100825633
91030021
79608902
75649319
59209890
50261536
42737104
40798366
882766
276377417
276349795
276231468
276094495
275416546
274999068
274951332
274827078
274651434
273789035
273786450
273692402
273685357
273647314
273538829
272435164
271439141
271042204
265178313
262489368
262059364
251447685
245990702
213930228
203883779
196424205
194453935
177518554
171202876
145964750
124180410
124177049
116296537
116209625
112956161
112827088
110209324
109538234
6019187
2689701
276381640
276226777
275929133
275823035
275723854
275384503
274537623
274500642
274455252
274358181
273983875
273787788
273685626
273668771
273648376
273371195
273297773
273056815
272890087
272622715
263628625
252597352
200971079
190542901
187208465
171202433
139107301
126724805
120169172
112957772
112957487
110643667
106552818
105782077
100819307
42733255
37747821
21056227
2815405
2024003
276254115
276231692
275839330
275791076
274724774
274673349
273440203
271808112
271440267
270539387
263987749
262906080
253044755
250336031
248683609
213920004
213868621
213670835
212977273
187482034
175809171
171202909
153010468
139968582
120168820
112961482
112960591
112959158
112958694
112956525
112826912
112826737
106684662
101057964
98565874
87914185
66586503
42734795
42733828
1998791
275960341
275959523
275891751
275798646
275778301
275717303
275405616
275015729
274805931
274759955
274732881
274732633
274526679
274069959
273280745
273264083
271302529
265178034
264051260
262426854
253110969
208784269
207377657
200736093
177650139
151501411
129521137
129424066
112958441
112958219
112957516
112957105
99004827
73120576
42737868
42737023
42733724
40877496
8008933
1991785
276190857
276112926
275893699
275839344
274976426
274429007
273702857
273685650
262520323
262387921
252911716
248402835
215746376
202525910
190540683
181091522
175812418
171202757
168105736
153010212
153009691
129480542
129278456
120048947
112961768
112960934
112960216
112958769
112956062
110664465
109521663
101232393
101014769
43750157
42736874
42734637
42732994
1998779
887170
886684
276436047
276356617
276234373
276175094
276174934
276113198
276015496
275891804
275717837
274938679
274847957
274616856
274503084
274273549
273549223
273468335
273459061
272427270
269956448
263987077
263089686
252266300
252221679
252090757
212212690
207360387
205478457
203813336
200774960
120577288
112960415
112956950
101053582
98575401
94635928
52188508
42734730
42733932
25106322
886706
276567259
275896108
275852646
275831246
275827857
275717649
275160290
274827024
274527184
274212312
273874292
273684747
273684593
273537668
273536459
273052383
272427593
271439563
265402412
263276524
262550673
258637739
253403067
253402438
253401706
249991296
207360213
185003381
166156457
116296574
112958297
112956441
42739313
42738050
42737147
42733568
36720754
36687813
14040284
2024027
276285639
276090195
275836665
275826930
275160417
274769964
274732625
273804988
273702509
273684858
273684756
273320630
273289449
273289312
271960326
270308142
263980316
262427271
252912320
247679007
241660800
231128694
205809941
203481091
198413159
194187219
193666825
192374490
112961882
112957480
112826699
112826653
112826652
102466287
101054297
101051016
74992452
55054480
47190687
42734401
276620959
276190542
275954774
275896098
275798829
275750098
275749795
275362364
275160410
275010953
274827084
274827001
274732811
274716505
274570356
274070016
273980248
273536394
273536096
273459025
273061656
271042663
258666800
258635968
253285557
252261837
252070535
212212342
207502373
203598171
193666944
177621238
153009717
120048760
112961252
112958688
42734756
42733595
42733150
7959372
276557830
276367676
276174011
276098540
276043063
275602135
274975137
274732809
274526640
274457345
273992185
273872946
273782751
273685424
273684839
273679553
273648423
273321594
273298587
273280848
272883556
271397910
271042583
262517789
252264540
252090635
206988241
198427489
194187646
129450065
109616109
101054952
101053498
101051342
89748063
42737264
42736510
42734479
36686805
2689447
276098344
275929358
275500238
275010706
274966185
274966107
274684135
274503184
274051380
273684779
273684641
273570210
273537635
273536204
273468379
273468368
273468001
273459101
273010473
272427327
271420244
265219527
265178221
262799161
262518872
262054826
258638756
217773425
205988741
194187162
181091440
177620560
158706583
112962320
112959739
70738495
42736614
42733162
36728941
2690635
276234352
276190886
276190871
276174418
276095183
275851525
275836151
275500219
275160465
274732628
273990844
273702405
273537627
273536219
273468346
273468171
270145232
269984713
262520207
262303725
258636357
252265763
229723718
200039924
177662991
112961568
112960184
112959854
112957221
112826483
68203453
54930771
44573291
42738089
42737400
42737238
42736902
42733137
2601613
2024051
275896097
275854978
275791491
275507802
274714086
274583532
274540059
273983776
273874050
273871441
273669037
273359358
272426871
272425327
270873952
270306516
262054280
205943587
204611622
199579724
194187720
194186909
186495307
183728029
181523420
177274182
172568380
171202311
112961993
112961145
112960562
112958083
112957064
42738298
42736601
42734531
42734206
42734167
42732929
7373725
276005832
275896243
275896212
275895356
275853154
275160416
274878899
274732768
274732632
274712610
274612477
273915069
273872979
273691586
273685261
273685195
273458797
273056402
271793104
271234709
262839472
262521260
253401912
253093510
248159861
212981473
205820570
198641037
171753001
141296056
141296041
129425425
112826959
110648694
72037829
45841990
42738076
42734062
42733893
32737711
276349904
275827322
275799124
275798945
275544340
275535549
275325535
275234480
275052787
275024966
274855296
274827025
274070152
273952646
273685541
273536472
273536422
273459009
273458957
273458837
273359604
273298733
273279914
273264389
273056749
262519594
261970373
250112239
231016541
212981823
194187699
187227603
120048773
112961505
112961093
110448705
42736369
42733241
15658636
1998815
276287101
275973803
275900741
275893777
275833801
275160335
275160253
274502602
274102073
273983935
273747981
273679171
273468302
273412967
273264580
271383089
269959766
262049200
252632701
252264877
249005919
247426624
212214019
203883935
203882231
199542863
184297069
184295594
174473502
141296146
120576308
112960947
112959706
112957695
112956687
90469877
45856630
45157997
42733451
6411221
277039881
276779703
276756879
276191530
276190862
276105261
275946571
275236492
274535551
274467242
274419493
273537623
273264582
273264488
273154832
272443957
272199756
271370268
269964439
262839674
252061097
207723960
202528193
194187090
129728357
120575805
112962223
112960829
112960395
112959771
112958197
112957682
112956027
88814361
42737251
42737017
42734362
42734141
42733056
1991869
277533001
277532575
277473511
276807158
276565798
276112671
275954806
275405680
275385677
275275192
275185491
274556104
274552384
274552317
273452237
271110835
262818700
262799654
253401347
253177738
250088023
249987457
248874467
217760532
217760212
217759642
217759581
217759532
217759506
217505952
217274924
171202365
129459126
112960150
112957009
112957004
112956700
112955950
112826839
42737160
277481330
277473792
277438089
277416512
277278263
277251011
277041075
276839815
276838257
276545784
276237430
275960318
275500279
274657663
273684950
273684776
273669064
273264576
273264472
270115983
265674091
263037482
262839708
262434107
258668097
254904331
248682622
247647640
227985871
227985839
217611846
217506741
217426934
217426471
212981450
207807147
112957180
112826449
101051803
97923681