215305455
193702569
189215794
188858809
188848409
183685137
183498218
169641329
164021768
164021689
164021688
143486501
142538263
132829040
124860727
109776986
103857606
95673758
92911325
91291870
89478859
83423370
83357670
67139433
59303157
56435866
52758100
52726625
49214113
42167789
34159085
34159016
34159013
19843976
19720244
16519989
5928727
4562057
4260047
4213901
247270179
195823157
192712577
191911527
188381543
184135793
181248509
178952359
165994967
165602471
164021724
150604747
150332055
143022333
112937019
112562057
112357404
102889070
73330139
67073870
58199874
56440139
56262919
52758433
52757659
48757147
42731328
42621075
41217788
40921470
35340728
29345284
26612260
19716248
14486912
12727575
12083912
5516513
4562103
4562083
276190525
276156602
274023376
273901400
262061816
205712835
205712070
203912204
197892646
197836120
197836086
197529621
192851332
191640485
189737740
184468806
177559018
172939030
168501991
167605963
163572502
140807019
139497775
135001760
125672912
112526839
95862042
91969820
86406730
76449539
75600980
72659361
59425731
56452217
56262370
55611636
36331865
26749168
23158198
15659093
276189274
271303348
216559156
198918912
195754874
195091342
194819426
192346252
187804673
183726216
183060950
174257497
169641436
163571677
152345510
150615738
141123868
102111402
101866232
100420992
88785595
83857030
83618489
80959586
77199949
72463477
55064329
48055328
43177578
43039803
34159004
28533205
28324202
25202380
17630777
11425716
4562049
4296945
2583377
1489333
275737280
273880621
272964139
251395549
200831542
196017060
194807589
193104552
191747807
191500974
183513090
181692373
181264838
179570579
164075726
164021654
155451051
148678512
146368996
145243741
131172564
129225419
122210902
114739740
111413730
105211556
102130535
97073912
95066047
50885562
50329467
44153500
28326979
23210255
21308472
13771535
13569901
7010867
5477791
5476865
276487832
276190626
276181618
276098974
275037465
275037133
274399843
263563873
253299439
213744077
194818550
192568301
188487016
180995985
175987078
160299898
155249034
152345436
149488133
147420444
143377207
127584511
125720571
105211527
98036044
76206668
75523702
74362211
67253977
59508506
59013211
57084839
49308156
48891113
48068915
45606613
16621985
4343231
2343077
683253
276489381
276235447
276178066
197568538
196598525
196531663
196055322
193717387
187422725
170675438
149534368
138856398
135269041
117074375
110914038
110151986
108900072
104847013
95864964
90945767
83617592
71178900
71170073
67734905
67254139
59387963
58059656
57350081
56881206
56402699
55569127
54711216
52580065
51371677
25270553
23167105
23164659
3712423
2385201
2385057
276489544
276235451
276098909
261821847
213812574
197529037
196023341
192909481
191494175
190514125
181247577
181133399
180305917
178323412
169776958
140949115
136367859
136357129
125254945
117200978
117074455
114765014
106992067
101219222
97594456
86423271
82948881
78965934
74237788
73386746
72900883
72565517
59099766
53312074
45469497
44638595
43001337
36457822
27794200
808350
276492847
276406545
275966216
275928036
274828604
272912406
270991142
252713761
212471303
205224896
196597140
195574344
190180964
184694700
184650894
163023727
148841792
138887313
136369438
130308043
128123899
115280759
113255938
110187588
108900244
107614879
101219158
90321827
75950576
75380791
75302829
72628804
59567031
56842493
56842209
49966410
33850810
25405084
16212451
15491037
276604395
276490837
276313023
276250399
276088716
276065818
276042072
274891095
273688423
272894922
271219511
263573492
263295644
262691682
262522796
248642110
214818943
213706202
210275652
204215632
191644190
191643916
185089061
176583871
171860254
125720574
120272108
120032807
108850319
99462762
90321736
80930727
76270842
56266805
53071240
41068611
40610373
37651242
19989464
13612188
276522004
276493011
276490059
276191019
276188078
253306636
194133734
193201530
192950066
184062627
183727784
183040760
182754054
181692405
165602381
164021725
163572920
150619767
144955163
132837171
115893196
113835115
112867102
105059034
94998994
91534977
84094058
83616170
77638555
72120344
72049330
70931921
56730470
56454899
54365350
42777792
31134454
17603781
15387324
8948671
276922983
276486785
276178154
275910048
275067642
272224984
205715082
205711425
197034964
191652430
191643222
176692544
171889389
149133331
146369753
140843587
139497655
136822512
136368722
133135926
131338954
112440908
102889000
91147160
90325376
87960116
83616022
74743103
73123648
73104596
72524754
70578741
67992749
64629151
57300908
43981177
7156461
7047875
5476547
1491673
276233025
276190583
255076046
207818620
183689033
168236756
168236579
167435274
167139406
164430659
164021757
164021727
163569492
148811117
146589320
140953128
136019521
132016620
130069806
115269812
115134722
109293338
103876108
102889385
94098680
91075488
86658645
86423621
77155693
58108287
56439489
50329193
50328654
44898237
27733727
22131959
15387332
6770079
4170711
1725699
276251375
276232990
276191034
276190721
274607691
273737674
273546939
273211243
255295073
253248462
210276122
203760294
181692627
169517059
167395588
164582319
164021970
164021778
161650237
157082944
155464688
152094164
149714777
136368044
107614223
102889432
79897156
77094487
76829144
74548356
73401448
73386757
56434116
52934937
52338684
51654575
34511907
23485267
1479017
809035
276423635
276342591
276292294
276190568
276188288
276181391
276178248
276067749
276060190
275499517
274930149
273980973
273867988
271254371
271140151
263593260
253137246
251573142
249646095
208913527
200833240
198788062
197848283
194814366
194792143
188948972
168946329
136367931
136356228
134757808
115893226
108900134
107993850
107783759
94232326
91774949
89689420
76216836
74391883
4562067
276446170
276064193
274683920
274562196
263913380
207811694
207757898
195986288
192985737
184488871
182462065
181692528
179445270
177914942
165243589
162529963
150561774
139145981
135155688
115893382
114485108
110038972
98779133
94997802
83685860
83616220
77638985
76085326
73937793
73386725
68070562
51654356
48626053
44799069
36455950
22120248
20535045
20055522
16833861
13407915
276423787
276190503
247585527
195030720
194498792
193720987
190557977
187603949
185966094
185023656
184247473
181692724
181122137
169314076
169304700
150609489
146285790
145466900
132023398
130069756
122210096
115105772
107760128
105085065
85554798
77111355
74512404
73755652
73179336
54809754
50325245
45301568
40922432
31570157
29798348
28324146
22194322
21878209
15201330
13374584
276233017
276190829
273711191
272886862
263599891
263571406
203454595
194084771
191693438
188381429
185966971
174305447
170959768
164021799
163574339
162352670
151612102
140879522
140107324
126596022
118012772
108183622
103784198
102014129
100420288
88809171
83616522
77714378
74942636
72903153
72284811
52131391
42708040
38135292
37535250
36413469
28324296
20532197
11515981
5574039
275631855
273406324
260199681
205711197
203814881
192355015
187249357
186981377
181782239
181692677
179531260
177747127
164021840
164021652
160186129
152700990
147207163
136355203
117200633
107471204
105084572
104415308
76795155
76402289
76053378
74257869
73182062
71161566
63588036
58502208
56086461
48036318
42644787
41320899
27525458
17593177
15387314
15016103
10828346
2302097
276494125
276486403
276452845
276356340
274627134
274471117
273703619
272963808
272428347
270663546
253425892
241823139
204430305
196270867
173782269
173482223
169641317
168957464
161488172
155495908
143470365
138283699
120480536
119104367
105106346
104415407
100420828
98084531
94997536
94894067
75797470
74746042
72203600
51111665
48725015
36475923
35129584
15387305
4167953
4100855
276508884
276448373
275969147
275257526
273711603
271801273
270812291
207813303
192302327
187599949
187397526
183910786
177744843
176688414
172976962
163717090
163570199
156219682
146214781
141129832
125927919
108079365
102888756
96298394
96036228
90406473
84892509
76357278
75601052
73987416
53037725
52581113
52280835
48079379
44866874
42616233
41883013
28324257
22886373
22885268
276416056
276344304
276089190
276078400
274350557
249883960
208603059
198563317
196474439
196368579
193095309
191641532
191358016
187148473
184296628
171091094
170428014
169083041
168946130
154029942
107448454
98868893
98084812
98084529
90941175
90324955
86516160
84714066
84711643
75486565
73872224
62914172
56266696
53652522
52627083
41354320
36950287
7677330
2777169
1916189
276423512
276307170
275959689
274724294
273635259
273211269
270550818
270509021
270068441
252634415
196595762
196234708
195698581
192207758
188854634
183069426
182594549
179074784
177595545
175412816
169620894
167491944
164021668
161394201
149485968
134324308
120169123
107616142
92808463
86423057
77323285
76299035
76048642
75521817
73187421
72665730
58034056
45690934
3712351
2385127
276385550
276190553
276042091
274770013
270549221
270226420
263510095
251465019
206112530
194155151
194084394
193045284
169550705
138380983
134754582
130308146
118694773
106893165
102888810
97257194
91313268
86424165
77638567
77624758
77017530
74607901
72120545
71162497
66607989
53922963
52600382
52250449
50557257
48279921
41166433
37548715
35476045
21976327
5349197
4419605
276485135
276417711
276067803
275157493
271800592
270225335
270212323
213706052
210418249
196896933
191693411
184923008
184795236
184495904
174305113
146585779
145461460
141595943
140130171
125720607
123850688
118121521
110927218
108900598
103029332
102888711
94900881
84648445
83618514
73759906
73593967
71175520
58408762
44867018
43873199
41320316
38382676
14788465
2020739
1994461
276330982
276179575
276089470
276065168
275093702
275037308
271318175
270534920
247335619
208507597
205526139
198897899
196339398
191643633
191640899
191639903
189687509
188487213
175152165
174308376
174212383
171949817
146559153
142901086
142288605
120538328
115270212
107614141
89597494
89053641
81388335
74558134
72050320
57793023
52252463
46160133
36017600
7888412
7605662
655199
276580492
276448462
276446795
276369800
276093555
276073970
276047968
275045317
275011762
272890862
263573389
263569448
252633847
211966115
188919394
174246048
174241521
172192813
159444684
157179656
136368313
120423978
120035715
120035711
112314199
102889302
101186176
92808760
91757265
90325106
70664609
35331495
34628403
32980834
25722437
21980936
10920419
10278704
6305177
4170715
276601663
276411500
276310788
275848306
275455026
275283600
274945121
273927643
273297219
252663016
252395966
219150405
213571532
208752098
203996376
202656576
197571478
195769201
191645330
184874418
184629064
180305632
151537909
147327094
111679820
107356237
88810457
86422577
83617936
83617197
83034017
74013164
73755741
69162873
59230590
47201592
30763916
21948460
14932318
8315299
276447199
276427032
274400206
271018831
263296241
205892995
193860281
191647918
191645175
191638733
181693198
181123588
169621194
150211955
148842558
139701052
137847141
136368382
122283187
106518445
102888940
100887633
77618400
76749584
76748946
73778565
73576814
71172141
57867744
49210060
42866571
34159058
32976292
32677982
23210324
13749515
13174014
10194802
7922863
751032
276108746
276098594
276092737
276092667
276064185
276063617
275937208
275750735
275161406
274996876
274904602
273891721
273218029
273118816
208437436
205711110
201638511
197553964
191641783
187319340
181776907
169549407
133535185
130413059
124276768
108898268
107617296
103877600
92808254
90323023
86771148
73535635
71068252
68554523
67692879
58888164
48510212
42842963
32996612
12214695
276320099
275984989
275889797
273679626
249659493
212048821
205714596
205710536
202945278
195514892
193044783
192850333
184057655
181692996
180229446
175901231
144920305
144353389
133140931
116044415
114707322
105059023
102889128
101218833
100364724
94062507
90600464
88992449
86420518
76449627
74748837
73836345
70565581
59135915
53581147
48890983
46544130
22885113
21496266
705048
276458131
276427551
276407171
276131481
276089502
275875973
275857398
272986412
255257718
201122779
191645652
191644365
191641775
185243735
174314631
173167768
150601784
116969502
111933062
110073084
107970758
102888973
90324297
90322627
90322067
89481415
89469190
84446654
71341511
67509325
62801755
35498926
26267562
22195326
14640989
11085126
10648642
3231443
3231415
844262
276046822
207764734
187273119
186489177
180586569
179953066
177637940
173433251
173154058
171501867
170813652
166071208
164021850
163573134
159275672
159275483
144973506
144032658
123150220
114773079
113257087
101219559
101219060
98177826
97832654
96189571
94304109
93925594
83470794
77729708
77700510
77694051
76827116
74361382
73104474
48891226
27937647
7440405
7440393
3811635
276320052
273520917
269986323
247418555
197973454
193095213
192546666
192293143
187381935
187248789
181805593
181692270
173972752
161633906
150567605
117200501
112638461
106599551
101219193
89792998
84704732
84446463
84113509
76230470
56266704
48891091
34261311
32132143
28324183
28305799
27924842
23250603
19760955
14076373
9668102
7322419
2013301
750792
696218
595686
276187861
276066526
273547387
269894708
215271021
196924492
195748331
185447918
182709067
172538000
170676891
166073578
166071168
159276101
159275806
150999622
140429170
121496876
110575592
108900025
103525595
103510468
102888632
102012884
98084729
86965057
86420128
84871540
84821381
84713901
83618655
81419271
78631462
58695223
50434959
25037883
15503300
4167985
963106
844290
194872159
193413561
191907028
191641515
191638650
191363379
187383558
184052642
183901847
175155779
173632858
171580301
164021781
164021746
161864180
159276628
157042589
146271520
133544811
130307901
128125419
115736194
109084631
103358595
81937384
81137020
72880928
72106980
55958566
51108891
48891010
45484942
35129495
7155313
6614593
5003877
1916171
922628
705045
563752
276424232
276323407
275544989
263061179
252395462
207386993
205226392
203999824
196910669
194449523
191584828
190254384
186105177
184491513
184099176
181692549
177128566
171506373
170833878
152715788
148841639
122873105
107618343
106053600
102047282
100853764
86424076
83617853
81937376
76833813
76551093
74885357
74560586
46246660
45859535
41535995
15131936
4340203
963140
912226
276041900
274027921
272945620
270511908
252635062
208756689
197895705
193093711
192431671
192303186
192156383
191647537
188544286
187247438
174417131
173890598
173567892
173168709
171861112
171089549
166412217
164021786
160819713
147328468
144505632
122202243
120449787
111152387
107360436
104958921
72463754
67921211
56266792
54750735
52125357
50366445
48891131
44714618
963134
691540
275889378
275876210
275758654
275738156
273894624
205711432
193710230
193152578
188656023
177667063
176037877
174827180
167598281
166549546
166412114
164021940
162454931
160832809
159276308
159275857
142213284
124273306
122570095
102889355
102020735
98162553
83617217
81991913
75512079
75510956
71348652
58284199
57834201
52855093
50778035
36491169
32569832
26652440
23256368
515325
276178169
271254343
198519201
197861894
193248043
187411289
185842271
181777305
177128164
174901541
173760292
173167003
169297174
161711076
160705731
148843745
107615799
100264830
98267226
91623876
87092774
86422084
77618409
57517504
55871337
53832550
53652783
52280566
48891082
48725172
47882234
43947515
43873052
31638849
31288300
25073628
22195256
21878715
6870631
655553
276333721
276073926
275891774
275888754
275855182
275452926
262581837
252395286
205713491
205710959
203785579
196912207
185762175
184284163
181487965
177138958
172344751
171089377
166409693
152375157
144320478
142592388
140327964
140183970
122896978
107615922
87092857
86419769
77639047
77625078
77117896
72934853
55958608
51477557
38959630
23582341
22755805
10768139
10186657
650216
276546636
275906251
273686993
273547880
251762075
215705309
213966984
206624855
191422100
184521943
183896648
181776299
173800246
173431967
173153976
163170450
151832912
149650533
148842729
147008537
137178074
136368634
119450227
118114679
110205031
107615357
105536750
93220285
74966036
58988384
58195722
55844487
55133802
19889722
11855560
7030395
5913667
2777187
912198
684395
276046413
275867746
274643053
270064591
252356914
197575119
185357674
180720851
174529397
171894015
159275903
159275535
159275531
123148783
114870787
110478242
102081250
101705223
101218582
96196997
95682755
93385759
86423117
74387417
72566161
67538461
66568182
59387674
53652738
50367281
49593989
45958275
42694447
41355441
32835335
28037699
27630237
4698051
964190
844294
276430790
276312976
275143876
274735235
274419093
271331139
226400453
215706022
191553259
183897973
180235449
173664896
166409554
131337990
125785260
120784545
115573414
115105252
102888158
101219589
95219091
86419455
76797786
75396295
74387426
73120855
71197273
67511484
53485891
51111171
47503326
29206688
27134093
7322491
844438
756384
697115
691512
631632
631604
276494907
276313086
275918918
274027853
273418934
270070805
263065682
261028136
252634364
250099872
205510304
204044413
203205426
202909367
194200514
194115522
178301999
173168393
172318110
165684472
159276007
146223343
127445711
114005422
108342035
107618235
101219069
84448808
73630108
67501902
57760563
51144295
48891040
36474738
35783613
23107879
14313791
14095409
12629242
563743
276922995
276650037
276642457
276407220
276310714
276251873
273725559
262689357
252662974
252633770
196600863
195515777
193093803
192642640
189552242
173770965
169719406
161393996
159276374
149126038
129142264
123509657
119078514
103941739
100442521
99243031
77590719
75766540
74639510
74616386
74561107
71502638
49246349
49216400
36870202
23210300
6305173
3231447
750760
630742
273532928
273412541
262877547
261028014
195514975
193282521
191365581
185946845
183896536
173761557
173568000
169716874
167599454
164021842
152700721
146370290
108899135
108898788
107615182
106792906
100275004
94886540
92730257
91025459
84792325
81510383
76219103
76162164
73574197
73245153
68062047
65385509
52610844
50608160
45483733
41864345
25597483
9436934
1994939
844456
276188030
252701605
247960062
215559522
211309392
207811584
207794528
201123150
197576357
196925018
196744706
196718606
186692734
185244724
185192479
184904875
184441247
184076377
180593087
168766845
155631256
149128448
131338474
128648805
108897421
102888403
102888309
101578917
82190158
75950554
56367875
53025537
49131104
48724954
48082150
26652354
16372826
2777391
696293
631391
276066230
275992716
275051131
274954750
274805234
260685718
249004829
248070417
207271761
201106991
199254265
192666117
191638940
184333867
173663910
172977554
172667964
171022836
164021813
141919573
137456492
130437363
123753054
117044455
109448969
108130179
107974569
104958915
90406573
90326407
90321872
87940627
86986275
84446854
74650983
52236902
5055571
3231305
2020763
750852
276546751
276007455
275864012
274591349
272363492
270882188
270065682
263510082
260685517
247794195
225935219
215558640
208758346
204216539
201631610
201307800
197644155
174614207
171897873
168503152
126765320
107614756
106587109
105127078
102888697
97332061
94098250
90849834
86424176
77323231
66552404
51654750
45293661
16163921
15295423
11508311
8476682
7148561
4297215
956548