276566215
276499012
276376478
276154375
275544310
275271535
275255482
274184675
274065704
272967613
270977103
263987622
263348449
262792654
205224085
194140440
193717163
187637105
187053003
173570812
159482551
155288624
153998709
148713428
116987925
111483922
104070115
102125538
99428673
88482985
85764360
84866683
82983828
74500335
54023404
41319582
32923633
13984365
9799302
461038
276565844
276021394
274753771
274173045
274160255
273962947
273474185
272267524
263440988
261813954
257843808
257574302
241781605
212935818
208137888
205476178
201906784
194130039
193105103
193102256
187642259
187623126
186103396
161937337
129078637
113427448
108216240
106661426
57071523
56451960
52355000
47868431
28326998
26062659
23478407
15669084
7389203
5849307
2387767
1206859
276154338
275959921
275938579
275906333
275748757
275255835
274879959
274724794
274173297
274069561
273083166
271128394
270976543
270545009
255368772
247975395
212934661
205985292
200844138
198651129
185717414
176227854
170400691
158477449
142796515
140901324
116882227
114789403
106641569
96804322
96753197
68541040
64672917
58002233
50014370
35722087
32593849
7017509
4727509
461040
276565906
276154364
275378816
275062224
274847176
274754859
274185254
273932705
273650742
273644429
270906792
259535517
247719507
242482796
225930670
212935753
205985107
201807568
197554833
195864060
195863820
192933630
187636607
145180531
142217257
135839773
133876927
128871329
117076592
100050235
68454398
66958647
53410215
41819516
38364371
26434415
25764693
21221639
15396824
5849615
276566384
275919568
275918344
275749841
275339503
274954348
274060716
273081250
272397121
271083383
270977143
269944956
263106713
262707695
262584415
261813781
253195897
242618602
203991471
194140881
188698192
171320328
160621655
159515133
159501797
159049975
108991652
68446044
51296638
50091717
49882606
25309442
24343930
14867785
12362456
7783307
5849479
4713289
4707433
4688897
276473306
275511061
275362559
274249648
273717272
273187842
273083320
272468700
272428093
271075099
263972675
247741367
247419129
230087118
220684368
217864745
213710314
212935749
198197469
195881741
194083692
194075173
194067352
159444424
157849488
116970061
108586916
108079641
106585620
95064446
86797095
73476077
49557174
48609098
10806848
10772578
10001012
6911309
5876305
613908
275579046
274555779
274191318
273635379
272268455
263352017
253390985
253190631
252676966
252006029
210298065
205893133
205615562
204626931
194122868
193516638
191437162
189694785
159434173
137938921
133436638
131144953
114964724
109885923
109879080
70824025
56939825
55617977
54023400
40024125
32528851
32454377
25648528
24727831
24442797
24200491
23413669
21584883
14941580
921244
276413867
275089056
274388269
272013293
229766303
208525075
205523699
197598293
196265020
194139462
194069934
191977411
184649752
178262311
177196776
174896487
170340161
161978478
158496289
152297469
149502749
114174053
107182831
97902299
97650599
82529007
74829862
74238684
64325731
59288875
49227944
45123323
29254537
23839834
20857697
10758508
7521387
6933381
6479625
502097
276064017
275816241
275762706
275677475
275588879
275240403
275222580
273894613
273560718
273082442
272366633
271061905
270773113
262885226
261979531
248167435
247867635
242644479
212117226
203992055
197421523
194139957
193762947
171224777
159496924
148898200
145304628
143181730
120444794
118103897
110367842
108916678
107648558
97599424
63162584
52865765
36024549
32346702
4740345
4688899
275816355
275696380
274682240
274215232
274185263
274184112
273234333
271234773
270877852
270546039
263347839
253183156
246851868
215996725
208441977
194123786
194083877
184759018
159244041
140917011
114078550
108087879
107350585
105888403
96544771
92165256
92165099
86819303
84566847
78488575
77712990
58421223
47878241
23417162
16379022
14585382
7388523
5876301
5524473
2227391
276191265
275606200
275587322
275355909
273400118
272920518
272556001
271272566
262890380
247804408
246853879
242618146
212935076
201693266
197598458
197405918
194115568
191474619
187312011
187036472
173856725
155552172
151438747
149346772
138544340
114989106
108591207
108091586
104100268
97256891
74893380
69218707
56589563
54000278
51470490
45805979
10771705
6885293
6476249
2227437
275415797
275331008
275126404
274633691
274184765
274169918
273642755
272622334
272162472
270964237
216434301
213587156
209376979
209275677
206123219
192976204
181747823
173474960
139012656
114973774
114447618
108968206
106109200
104198612
97631649
92396596
88861632
83931344
74347298
71043508
56682381
53252640
43388600
28731968
22365770
21860970
16317230
6485301
5849419
4727667
276497512
275579153
274679631
274173175
273951675
272972115
272445711
271388456
261829939
261812997
253236165
248645373
247706846
247451087
246162445
242643936
221274041
213723126
205988577
194140778
191437490
160743907
160743740
159438126
155880977
109925317
108650176
107709820
92396711
34700443
26293477
22634255
21196890
15271640
10756629
5946207
5899509
5849845
4740353
4739649
276393125
275952408
275863691
275588953
274567842
274370285
273899575
272366121
272030250
271496029
271118612
270179135
199268497
198384704
197633294
194121937
193441075
170490830
165707302
159497773
130388439
116969853
109812827
109421316
97708106
96438054
89689513
81051408
74245919
59508642
58805539
57029872
54023423
46689242
38440074
23838887
15927443
7531507
6934901
2020929
277249343
276067619
275587884
274585056
273702450
273687680
273026293
272032365
270214258
263454463
263371747
262884165
258280585
212935087
201891429
201799316
196442428
194131293
193605662
187843363
183689560
177933143
173347601
168584893
159725485
126022024
56021195
53315699
49994410
46462092
40429496
24253384
19351442
16057149
15927494
15927437
14268248
13586637
8490373
5849965
276545435
276329544
275758563
275077036
275018958
274723911
274568782
273959254
273832147
270976634
263033243
262891396
260640572
244169117
230365346
217722951
212934946
206206099
198254342
196023427
181772029
181502353
169502518
159394352
155760651
96437894
77580843
72849098
72215862
70773631
58617330
53978130
50712002
44841778
23185106
22599534
21921714
11816394
4739307
2121373
275956707
275815779
275677325
275578369
275377356
275337006
273746881
273399526
271219137
263202287
261942905
259537290
252854973
252605321
212935069
210735039
198254218
192395248
191437403
186137676
179965482
175544983
114861437
114211345
108430780
99713233
88861668
75640644
58466172
54187004
48540434
36463373
24987722
20689581
11245618
10023288
7586151
4713061
3918247
495179
276094934
275863249
275738855
275721961
275608174
275247748
275079354
274712571
274596032
274179036
273621609
273474193
273470934
272558286
262725847
257768314
246208317
225914083
214591204
206718653
203998105
197614953
197610467
193317470
191282401
178077780
174416981
171574111
162122700
125613232
108930513
101353118
62323951
43665335
39174055
34723316
23415553
15250454
10771950
5850113
275377925
275277749
274668366
274353006
273218730
273206894
270126805
263495591
261945760
251267809
215730617
193922240
193512059
191437518
186709366
184816756
180847849
169517340
153860641
138669516
131416206
121341624
112888691
109877195
109688459
109018061
108929964
96805222
50550437
43379955
35178687
29164514
26305965
23838438
23462755
15401794
14450065
5895559
5866649
5849431
276566321
276021815
275696378
273642025
272369972
272363853
271705499
271288348
262590123
261814053
247941769
247746389
208590274
203898270
197855367
182981101
159970328
159397417
141606020
130771890
127187953
113367509
107668606
106276413
97684079
80932486
73641065
71352236
62333164
58858055
58614371
57270254
32724832
32526794
15927453
15669226
14119360
5895803
4708525
4708371
276345467
276152659
275776171
275527932
275384263
275109199
274924841
274852482
274393734
274353288
274249410
272111659
263585978
262842907
212580489
208415464
206126027
204634392
193980275
175814384
163792408
155763956
154259057
152783915
139812717
133581682
130772267
114447811
109083771
99350426
97651658
96540094
76359163
72558920
43048671
37155769
33078123
24950183
14534576
4755285
275774617
275244396
272149565
272126083
269247222
263034075
262551792
251931788
248723667
247447868
247322028
216354025
197211989
197047514
193122696
191437429
187275500
161228589
133213695
129249761
119055880
108243589
97875135
84934453
74381816
68501214
67343684
57694501
57315763
48603077
28286433
23022311
16561805
14647567
10772546
10716498
9805196
9803288
8711355
4160197
276271001
275951275
275696351
275578814
273410477
273187656
270966096
267340432
216368416
210767098
210284163
203992443
202466700
196442246
193617568
185865471
176037596
174036200
160754874
127654524
108651401
108435594
95991896
95064620
66898383
58458143
58262987
57306146
56416440
54628428
54391137
52861988
50091437
45805976
20869583
15851211
10332614
8646015
7527151
5866543
276473520
276130433
275751033
275715996
275504477
274998963
274028939
273701690
273234952
273119794
272468802
262688422
251929912
248634933
239780838
225985158
212351207
207174217
205492613
203991603
198112474
194070191
186590666
176296868
128296737
108588080
108454976
107143411
104195862
95064538
93205799
85084712
62320637
57309569
56020795
54023421
54023383
24443877
10144802
5849439
275911179
275799505
275691074
275378727
275335194
274152558
274075659
274045480
273929208
273082941
270823679
270073887
269896453
263596152
253474609
253468284
206648674
206229025
203991816
197408886
193710469
193213670
170262593
160563261
113359107
108991243
96650312
93205883
87393790
87393728
71347321
67548555
51442892
23302926
22627857
21089952
14578165
13593871
9944983
1206387
275749897
275357302
274968154
274746905
274069806
271916214
263104046
249772271
247420614
225919991
222452404
217520781
215745728
213706741
204923093
198915887
196446586
193000237
186231985
178288740
150633993
146592424
146513567
134498101
109024806
107935597
101459596
100260991
81604547
77447826
72556060
65442449
51305041
14845231
14813467
14272376
11892512
7017765
6477957
5199319
276976282
275923439
275894124
275887245
275773160
275466971
275335141
275258661
273452090
273181913
271733152
270883427
205942282
203897822
199254535
198198237
110256744
108967156
108431297
107663831
105888759
99350400
96874740
96478145
95733517
72901570
58406105
58393266
32010543
22987714
22635666
16561809
15669650
15304484
10806582
10771907
10771691
9975107
5849423
4707929
276005819
275892497
275696359
275377979
275158695
275077550
274545673
274075725
273202542
272182765
270773236
263588554
222688170
217773686
213705995
205813929
205003644
198500289
197545220
196443259
191437549
190791324
188111197
180232860
162531084
155764279
137863062
130771917
108967064
95064523
91056288
76279382
74239208
23399133
15718041
13999969
9976786
9974013
6933409
5850109
275972609
275923363
275360768
275335528
274762557
274032889
273410189
273187516
273122055
261978649
261811289
210429819
207386722
207274387
198915227
196548867
194066975
193413785
190558152
184759046
181447607
166101805
159633320
110462526
110255755
98282609
59411891
24988796
22370544
16561807
15271601
11732794
8649876
6843233
6477429
6281627
5895563
5875967
5866541
5849447
277470272
276027800
276009672
275856061
275749601
275588875
275257779
275062186
274901333
273577909
273452081
273419873
272968836
272419480
272178556
270824793
270445200
251455755
247421211
204038116
200004710
198320771
193124896
186985235
154453877
118656783
107668187
96805223
76514892
58666606
57720164
53447078
48441847
40238707
37551765
34812787
16379032
12889334
8490477
7645879
276401634
275716510
275485771
275343726
275073897
270481731
247298825
215423699
212934725
205031983
196441965
194122771
193980720
192976242
189573536
188701430
188005703
155764059
130786681
130786648
113364697
109089203
108966011
108589488
108410120
108092521
97589688
96502959
96475891
72722935
69193644
66940247
58462929
57787984
54616658
45350119
44843789
23028546
16317237
14187027
276163671
276006020
275865860
275841719
274172995
273082263
271379815
263078732
249680139
229983061
217104775
206105122
195656681
193442641
178256495
173647687
162227436
159973965
126097755
118693185
118375873
108931164
108422287
108084684
102608284
102434295
97649318
88073068
71355284
71045829
54631360
25654331
25645227
16379017
15596190
13856210
5899107
5895575
4739053
4713099
275766821
275131168
275014938
273234516
271288337
262865594
262775823
261978471
261941405
253390992
241784715
211956700
206235363
205233806
204038073
198413216
198254304
191437384
189694704
177991253
151492634
141489747
139814589
138667685
123498232
108422821
105518068
103995541
97534824
93205677
87052349
62339267
57269609
49365889
39175889
32844530
24176137
15395291
6921775
3039097
276583756
276226945
275750048
275588719
275538754
275491025
275401486
272466470
271278533
252784174
247453059
225195799
207386671
205893171
203991686
194133335
191437555
185645654
183567880
159395759
146494816
101914810
97681606
86821731
82971750
68341915
51297533
32333588
32147670
26086498
23566124
21365763
16563185
14459429
10000738
9950826
6478415
5946221
5899117
5895601
275588072
275326681
273702163
273649693
263698778
263311138
261815123
261385803
251380076
248063454
244170118
212934825
206127037
201161534
191437175
173479725
162563034
160439103
159973935
159276826
155761479
138480608
130772395
114873750
110581263
108991990
108972890
108905178
104069608
101920892
78872402
74539515
74240825
59288795
47277282
24170425
13896709
7303499
5895583
854114
276152708
275753907
275677607
275474215
274396674
273446601
271285759
258402413
222521200
222456756
196443498
191648619
191437757
191437320
183119233
160692451
160562783
159973541
125461512
108895962
108499845
104106318
95064638
74243537
54024076
40214943
38384239
37278288
24210643
16563173
15448846
14957929
13979735
13583766
9947050
6622529
4739301
4738469
2981971
613899
276080995
275841678
275699458
275696384
275696350
275326765
275237140
275108335
271479007
271366218
249967525
249010330
248696909
246142694
212037962
185873722
160743969
141896340
138602442
113377495
108703920
108535609
104069813
101934099
93206276
89644422
76282334
56589679
55727844
50340937
28736848
24166638
15255380
15250714
13881260
12411601
11890594
5895673
4707917
2835379
275987097
275932220
275865225
275081389
274896321
274513135
273448719
273188960
271416875
261943703
247452991
208373259
206202549
205819521
199975445
198254327
198254278
193099574
188427421
182125867
165189043
160684701
114211303
108190817
107653633
76657556
66898616
57657488
53093037
50011409
48717728
44843872
20278186
15079782
14241396
10771944
7387065
7017323
5895781
4739333
275399741
275387220
275271096
274568503
273187461
271160214
263029245
249980549
246160886
230087012
221225238
210796005
194823008
193763100
176153421
159973884
159271060
149765350
113391694
109321550
108412730
108232717
102081875
82971899
73954326
69192563
68259526
50600150
26086708
24245087
23462917
15851205
15851204
9973449
9805513
6945657
4739335
4739281
2805793
502551
276563836
275587649
275244026
271918628
253188407
251281487
235399008
229714099
206205480
205893125
202904152
199978414
199114957
198412979
198254309
197568830
190745320
188012854
188012852
184880652
159668053
149976496
135319386
134504137
118089822
116893132
116790980
108534810
81206309
75696942
48445420
39209267
21065586
15927428
13979772
13939797
7152321
6703629
5895607
3109087
276630843
276333969
275898188
275696361
275696356
275351031
273082015
249570022
248585546
247891931
246161578
225919034
193601565
188041954
181362046
160576817
157425728
141835248
139992677
139102442
108818131
108255391
108247225
83333353
71369757
36487634
15840885
15633285
15250572
14584468
10771909
9949083
9839803
7301297
6921789
5895547
4739295
4738475
825454
552421
275914999
275696330
275335541
274799856
274573444
273311024
261995940
247307054
244290180
244169938
217290227
213690466
212935043
206240266
204038040
198254269
194585852
193213581
192911972
191437375
188111046
181358327
178057988
169294876
159482808
158461765
123548214
120804390
108974355
65475129
34719990
20694276
15927482
15851178
15841915
14934856
10771983
8713038
8363919
7530741
275856428
275425713
275158976
274634014
274376867
253629638
249699604
249568580
239173135
214655966
199020826
190755354
186711156
186705994
164925225
164829529
160692667
139050758
138609942
124237603
110645846
109957482
108982715
108422534
97366512
95064550
76519814
74679160
57105019
25653828
24736190
23481121
22761940
15669305
14790106
10331559
6921791
6847213
5541261
4739693
276333428
275749409
275696328
275070747
275062606
274934551
274763554
274540134
273189198
271365404
271364730
214614753
213861094
206247084
201523519
197548082
196442190
196232514
146491138
118693171
116969919
108311669
108276966
107627243
100626283
93205863
71934828
68242940
59341748
57093112
51295998
49150076
31186243
26068118
20872841
14596529
12496903
10771739
10681270
5849817
275696395
275491011
275362675
275335806
273708149
273377788
271364435
260798132
225200021
212605609
208524967
206244190
204038146
197884279
192976276
186710949
186276344
184861217
177767447
176291803
174811081
174036008
173767812
173359661
155111059
146633156
137907172
110474716
104046393
73987786
27660436
26064144
25775028
15927475
14536798
11244526
9821375
4738439
2850677
1938013
275841873
275748517
275037836
275034590
274471625
274373503
273621214
273235679
271461181
271386923
270995474
199979217
198425914
198254293
196010559
193528969
141823713
118368818
109020482
108896994
108456783
96437668
54286435
40780363
24964507
24950429
22973565
16058530
14432477
13885739
12318323
7527307
6945645
6622503
5895541
5849471
5849455
4754735
4707471
847472
277382327
277382294
275696386
275579498
275256264
274601202
273686827
272374093
270977118
269247269
263113508
251908972
222667562
212935780
206314930
203898402
198282862
193616803
193000754
177614722
176206117
170324477
160562713
152781887
139106485
115325418
108589249
99350407
92164994
76193953
71552660
54478250
27793913
22157758
16465297
14266076
11891323
10771922
6478691
5849427
277027207
277016269
275350636
275284129
273189482
262074644
262073009
214591196
198499900
193763330
193314706
172360986
171289451
153816321
125640332
117347899
108906139
108748415
107661917
79946992
78911298
78878686
73605726
66638719
58543294
54315419
31265463
24064805
23164713
17039358
16342887
14688674
14261745
11894828
10828176
10771952
9805730
7991694
6954265
3039837
277273196
277231274
277043318
276976699
275696358
275696340
275538924
275280244
275037819
273216048
273020551
244315001
225919075
217292440
201796596
199116248
193887385
186107287
176291957
160291227
158125552
129503820
116970246
113627915
108968436
92165080
84102725
77155513
76656540
76359887
72004664
59471172
49216082
32833167
24964493
21259859
20694282
9973655
6945663
5858839
276814749
276436975
276065395
275887435
275548275
275538718
275477554
275342217
275280187
275244205
273976417
253489396
252866899
249568484
230203224
212241352
203401960
159238340
153816746
151968820
112031082
108593368
108417799
108237952
108035598
103335000
92165180
76193640
71368081
59478534
57788582
23481415
20857695
14258483
10149921
10030958
9952770
9944229
7195939
2983129