276417385
276119293
276109346
276081279
275220818
275220816
274694471
274694353
274533823
274391512
274091856
274091852
274058674
274058672
274058666
274058660
274032614
272847939
247427686
206622901
190702377
187186772
168663291
168662079
159387940
117836946
115483204
95082968
88949152
88924594
68268748
59143353
57044926
34537694
24026125
17888580
1000540
1000532
685882
573673
276450736
274986606
274885676
274855363
274751394
274731344
274541375
274504809
273270900
271452044
271329982
271224502
249030271
229714894
196757806
168779219
168662602
125628724
115483434
115483218
114958267
88949156
88949154
88949150
86155733
79672168
76507811
54477959
53210144
49884586
47182011
43191091
24028050
7827140
6464033
3016043
2173355
967305
543129
412772
276610527
276488289
275428267
275428263
275220785
275156025
274993765
274751397
274679162
274106804
274032919
273235757
249245482
197329427
180396538
164075724
137995371
117720148
116727455
115483210
115483206
113864742
108598576
104137482
95269415
95072928
87483010
84785219
78989144
59143355
55512044
55500745
55294509
53281844
51064515
49317175
44246534
43282996
24510746
544096
276117649
275496904
274593234
274391518
274032594
273923928
273866422
272661542
272645641
272423158
272103774
271329978
270796181
252608888
201632326
198915804
197422222
181462727
164375665
153912537
151745410
147857839
146517995
115483447
113623641
108915932
105901380
95072930
94726851
72040205
68554792
68328015
34537693
27657637
26612371
19944519
19944401
10054452
1008834
543025
277400861
276527729
276471372
275482942
275358865
275220800
274032929
274032910
252608882
197497015
187739490
184522257
181184380
179992878
177751108
176937782
171153525
135478535
134440669
117031983
115694932
115483441
104157430
95082970
94728826
87896672
71080136
56815790
55576959
55461311
55021326
49498423
32030382
24448316
24030105
17702472
16862593
4819361
3005389
544092
275377492
274556204
274355993
273387243
272649350
272620973
270125040
212329625
208189011
206323478
202045905
199053626
181512506
173164598
168806831
155723630
131170228
129859744
127364356
115483202
104159464
104153016
104131856
101359142
94728818
94727097
80098785
77154216
69180169
67821209
57804868
57044932
54406649
49884590
25597768
24704442
23067533
9999303
6464037
755371
275611667
275358835
275342425
274969371
274691857
274498133
274274209
272649577
272050409
269990427
260920203
214887599
194963459
191925662
188128745
182800115
180855734
120380556
113234813
109334060
95650376
95269395
95269391
95255494
73535991
57930183
56998980
50218043
48490790
46183076
31824189
30679548
19944398
17463773
15356104
14236896
10054502
9730316
543122
413228
276078591
275597413
275510059
275498152
275498148
275498140
274727924
274533821
274498064
272648211
270699074
257771717
213586941
188135082
178007097
157482533
154767733
147003701
132301165
119706874
112109438
109365794
104158078
103525921
95280846
95269420
84698911
59140234
58918395
57044918
55081448
49362845
41382916
19944439
15214223
14534547
14472037
7248879
4105713
730491
276568601
276328196
276295471
275724260
275722410
275326291
275295767
273663536
273495793
272661651
263401555
263393774
249346935
216336133
215896375
213841943
213752752
213676548
197731041
176937904
154703056
154702657
142422033
129665687
126022179
125803655
119706870
112102387
101852772
88924596
70340831
67729762
55987087
55102682
40863685
14536554
2790305
820405
544191
412776
277224672
276150002
276025730
275578874
275525314
274504811
274402152
274032958
272441776
271329974
198739898
197735259
176937847
142777049
125393624
124205685
119706878
117399458
104147948
93553646
92901201
91205731
79008843
77665180
75421802
73378458
72549297
60192179
59547957
57516996
56960573
55647274
52588247
44832490
43191092
35043551
22012614
11253530
6464029
4748469
276328787
276176653
276135732
275868094
275749178
275740715
275645069
275625873
275501766
275499422
275346488
275066084
274804742
273954000
272443190
271378603
270456065
249535474
249171583
247658113
226416728
198478224
196547396
196339522
192339772
176945376
144618365
136377296
110308330
104154761
99669795
84331242
81196152
57793181
54008643
53324045
52774130
14536883
2791853
1549545
276619481
276223540
275860417
275817943
275358855
275297892
275296612
275277633
274847173
274058658
273892326
273595369
273517695
270653294
270098748
207899836
205246112
205246029
197656233
190194625
187610227
174847408
147987171
142339285
130392474
129742625
122911154
109262751
104134007
95269446
63516988
58076240
52873241
51288375
19944395
17602936
17462885
2627115
543134
412767
276051102
275868053
275845926
275749204
275741840
275598823
275507069
274533824
274443680
273870413
273803609
273688449
273162330
272620814
191689280
183284483
176937785
175953079
153547703
152475770
138076850
100901845
90143580
84575971
68936268
66123745
62829699
56441154
54392195
52178168
49495083
43237770
41343230
40715526
35043549
19944397
13408700
4775257
3015787
421291
276557112
276503067
276347248
275860432
275732939
275720583
275505933
275386108
275183414
273947354
273804349
272474192
260920198
254127204
188835548
188189577
181462670
159971452
152465544
145976951
138907432
128664638
86406635
86034573
77702037
75977831
72031041
51597263
42688734
42688572
41300533
40752351
29362805
23047533
19802553
13943439
12351043
10710898
733373
435753
276273183
275892227
275845608
275816615
275749172
275242584
274639977
274599598
274040812
273515568
271319929
259317056
253889559
249202808
249200564
248544526
175413989
163148437
152534382
125393651
109084626
108914381
107018280
105356858
94728806
93553350
77776512
73591697
58739995
54084855
43183462
19903853
19556965
15587886
4199075
4105507
3678183
2627223
2627105
434450
276445629
276382573
276326624
276257867
276187962
275499609
275425506
275377673
275350778
275061540
273874317
273803755
273184061
273056990
272366068
272278808
270876883
270876453
249005345
217481345
201622493
191757143
178739627
171667592
148750932
137955473
104134080
80358682
67546214
58528269
56705783
41263170
40750358
33459001
28445614
25981957
17489463
4670821
4198955
2562999
276551018
276473834
276451175
276190945
275792499
275658225
275206752
275126968
274167988
273649809
273328204
273266708
273161697
272427087
270716292
270679750
196049244
174066534
169375199
160299378
159346029
154859341
147857844
138939145
126022187
125393662
82847723
75356287
71192411
68909222
64025313
63810452
59258002
53813324
49379521
31824289
17489336
8078826
8078800
4168825
275805736
275553008
275358797
275314659
274986656
274986617
274969369
274945384
274417694
273897286
273652503
273161408
269990426
252608906
249043639
197676926
197328898
181568348
176937814
150565149
147003827
113625694
101773857
72779424
72593619
56420137
53626686
48329565
46630867
45551545
40715501
20064786
17705917
10021580
7250239
7187943
7061645
5448935
1000534
755390
276078587
275804229
275789648
275510047
274986677
262679220
253565272
249917518
191726145
191298281
183896202
183684100
177825294
160930792
147008581
115483214
113429259
111152167
109372981
104140706
104126409
103660237
102760908
97320850
95035819
80092491
72693181
66573724
58807739
45307287
40750301
39242473
23377880
20087371
13428892
11341358
7385567
3525977
2147119
543137
276328303
276239614
275868061
275749198
273745498
273745170
272620315
247500702
197788300
197714858
196150470
196059173
186236614
184597571
184226271
182144090
180855724
180238461
168352561
167469632
146618294
130829348
124209104
124163460
121678667
112194231
111717745
110664481
101236401
88769864
85002110
52989058
46041428
40750346
23376996
15356096
14526393
10399830
2563629
902326
275868045
275510045
275123513
275123509
274590198
274373474
274362817
270713659
191945212
191921923
189466734
183503132
182296017
176124825
173251732
166389287
165217256
154702923
150731733
148541501
147966160
125393886
119706884
112098994
111635087
110575696
95085104
90116922
88794516
88011456
80134625
59373193
59350795
56274632
49499052
48308408
40715528
38444012
474633
134146
275805678
275498144
275358861
275276116
274986619
263559343
257771712
249269306
242658921
216203651
206572770
198696813
186232419
183896204
181980336
181503356
160931140
117495741
113759643
113251759
111582665
106063557
98267553
95269416
84705786
72577347
58365120
56433290
55648295
53252736
50362834
49025554
49012488
35607001
16097960
16046598
13756033
10909431
513966
435870
276288019
276239615
275881756
275732098
275578872
275498146
275386116
275350571
275289249
275256395
274969361
274670038
273635767
270273817
235378593
217266035
205246205
199167215
197720463
196470341
192549746
188136596
163028330
160416665
152447477
125342060
116835804
116392962
107990853
86732441
85753062
73631553
58078050
57693864
52529755
37550814
17459641
10710902
2791797
948855
276328193
276161371
276030675
275965338
275657919
275326350
274467504
274396277
274193721
274140253
273821024
273402493
272443834
270708234
267341785
262758226
252674089
200630757
197590056
196561121
183683954
146556777
143938417
129742461
120833696
113767814
111708907
110808894
95082972
74277318
68925517
40715516
23376970
17605667
13408672
12745030
8078857
6464021
2563679
1744997
276161356
276136653
275813319
275569931
275359203
275052576
274401243
274140151
273868719
273653755
273515515
273272402
272369494
272293653
270976285
270446333
270253785
254181581
207013948
196562013
183718676
173521346
142711935
116929866
89159744
84715630
80358747
75963726
66065160
58825069
52248204
50308416
40715509
25767856
24495867
23377018
23377006
19944544
17461315
805326
276281968
276119598
275749173
275746807
274735358
274596820
273028404
271134199
270233043
270162258
263480250
261996369
206861808
202027610
197664926
189533058
188895424
183291103
173249366
172842237
153994330
146262142
129665765
124198558
117614008
115288813
112251496
112231678
72693442
57933293
57773706
57349343
55576262
53039237
44142535
25982539
20050012
11341362
4615695
576817
275804217
275749238
275657914
275498136
274986618
273952594
272441778
249175817
249050890
187008714
177064128
176937809
176050461
161383388
146519467
137634631
132899373
118330329
113459535
109570071
98161309
94728360
75378569
73631992
68193275
57742525
55360844
55318396
53256678
46911328
44234938
33089370
20021601
18317925
16166568
13408730
3228937
938883
848994
399545
276161367
275657916
275500571
275481905
275358840
275326254
274467550
249051113
205245934
187008608
184545065
184449806
182139783
153913007
145974290
137940049
125157749
116931297
112106913
104126221
94762040
94728936
84119328
83525610
78021198
74012254
73384818
73331967
73233650
72043259
58723610
50462239
50423009
15519960
11194478
10210851
10207375
2791801
513971
435762
276958616
276030663
275868060
275824183
275804220
275797572
274854301
274536033
273596904
272441782
272336752
272024184
270854292
249243782
213678772
207765101
194769203
194445768
188176173
186676095
176800689
169397515
154274585
152483506
129742403
115694868
84579638
76016634
75589859
71975984
50068501
48912680
48464926
40932657
35226708
34947532
24733267
15356106
13751985
2563665
276239676
275505237
275276466
275243476
273796033
273593248
252533177
251475312
249245720
213517312
197670799
195284153
193746523
191500066
191320537
188145788
186333418
184119820
176712285
146248132
132899333
130471891
127351147
114678212
110474625
105043761
104140425
103168995
96996086
86759732
86403163
81602991
75374907
68168686
63940298
58671333
58670284
55771564
19757399
969623
276386370
276150047
275797837
275183271
274969366
273947273
273562898
264013730
262451587
254148799
253620771
206850321
193912076
193553731
190558282
186879843
177947316
176747935
174847418
155700716
154703358
150937886
127351199
114612302
112255689
103125918
84119416
77451218
77154232
59143351
55062893
54631646
53253108
40932624
14170375
10907761
1391397
1266031
1000538
430918
276457904
276440083
276365392
276328370
275804246
275749215
275732102
275732088
275711050
275591029
275376754
274161996
274161991
272617829
272233703
253213390
252166659
197695931
184429752
180855714
174029734
171555789
157061258
146555381
116724098
107020742
89253743
86155534
73373320
56819130
56815054
52738948
49367434
22386894
21238255
14379051
12080158
11253495
2154941
491510
276239622
276111001
275499585
275002880
274526771
274086341
272368298
271319951
271196839
263510618
252106018
249054347
247955001
207200206
197656014
193665996
185920974
151522406
148634997
142312051
125342050
123546151
120833769
104921459
103265304
86798830
82828767
73577611
73259034
71080134
70440092
58718269
54617390
53256735
53210198
37033160
36349281
20074930
967303
415224
276368563
276161381
276149992
275588514
275386878
275304326
275017949
274986614
274824467
274731354
272909767
272390138
251472287
249005591
212607471
199679623
195875681
192665988
192339768
191507198
188695376
188173324
182787192
153792097
150601069
145763383
112251691
109250053
101579220
99238189
97008257
84119448
72028499
58694092
56439689
21724541
18288302
6535523
629835
543920
276390771
276048061
275821472
275376295
275358886
275347958
274986621
274088981
263058986
251468777
213684920
197712330
195166204
194465247
173677810
149766009
148937448
148606055
145976949
135477620
130015080
129742389
116572109
110477682
80385765
72820368
62773232
59167285
58947977
58668828
42656556
24861313
23376966
20024063
19381181
13745749
13376361
7420075
755393
399283
276120396
275714314
275501724
275500480
275176980
273720404
263869599
222678158
217522809
216394918
208048543
205246189
197696780
194961421
184903755
177216469
171046820
167652940
164800244
134833922
130163456
112060090
111569709
109343939
108916688
103346564
94727054
94633264
89565445
76796683
59143359
59049510
54417111
52263030
45551507
37033217
24409094
22978392
4105525
479417
276449771
276407199
276051097
276018359
275754425
275655951
275611672
275510061
275452693
274669598
274167233
273980932
273159344
272621907
269954004
263296841
263255583
251929870
213842240
208686568
207014395
203219000
194477887
192943676
183916452
173911471
173383471
153978124
150805813
130440972
125342052
103264987
80787202
55349100
29166915
27722950
23377026
23377008
21610443
12080163
276384343
276239634
276030700
276024721
275974955
275720568
275408534
275334540
275241238
275088575
274516939
274498263
274440864
208307385
197920672
191620753
188693537
183702551
180921240
176937761
173955906
154702838
146366199
143018857
120562153
110001565
104159446
76692823
59230517
55064516
54866386
54084850
43076793
6464025
3524835
2791837
2339663
938014
805558
141517
276612986
275574059
275522432
275502193
275501742
275499659
275384360
274995909
274719501
274393096
273884678
273653757
273504219
273503209
273097025
262338131
205246259
205245997
191752565
188382929
184794456
183282946
181462723
177899588
172843057
144637608
129710551
73855660
46192755
43863262
25986867
22508507
19757387
8078780
7774292
4199269
4199227
2791861
2636345
1081584
276314274
275926488
275901958
275798050
275600050
275385709
275376230
275222191
275063037
273786679
273727974
272654240
271042127
253468448
252892527
249161079
206112205
196343054
194033012
191291832
179805966
140168227
136638379
120484914
104140567
102616765
94727440
92614974
86783893
86533752
60168933
54412956
54014704
42200205
36279696
4987065
2074951
800669
502240
497187
276135723
275969098
275676531
275419776
275412576
275380100
275235290
274974534
273529756
273508277
273357831
273309331
271586920
262688346
257867506
257846051
253621117
213868313
213681657
188428595
173674512
173383480
115695017
114887345
95269393
56440086
56369145
54510164
54014700
49182756
43182777
32226285
24710115
16683272
16317553
8078784
4199271
1391385
938004
415162
276326826
276045745
275732982
275695810
275423193
275216265
273688852
272052732
262054220
252892529
252671965
249818293
220684152
215135632
206873675
199215753
197581325
179216691
173800435
172842723
170337521
163723194
156195264
131570909
104323232
101856688
84579623
54014702
51058526
41342920
23377014
15287331
15241478
6464017
1391403
1391333
755483
557881
491450
479085
276411506
275499483
275386477
275188541
274970444
274815415
273314073
271498485
263561200
252357393
207046585
191576767
184415751
184414552
183329980
183283320
183032078
171659978
148074069
144400304
141297642
140817755
114887931
101774952
94727540
84119351
79762885
70444235
68006525
32831919
26141592
24823922
19775664
7884842
6632811
4424935
2591279
629912
629881
413823
276102891
275182367
275127741
274666036
273899947
273532934
271579091
271040396
262054023
252053445
249724554
222679698
183684548
180290433
165237603
147896884
125680681
125393262
103543661
85679602
76757031
73769225
52579303
40750355
25962522
19775668
19775666
19775654
19775650
19757381
17448678
11341360
10189155
3523697
1473449
1457753
811074
629719
543152
479866
276132086
275870330
275630687
275479762
275398850
275379955
275379820
275376773
274932122
274824439
274402450
273703976
273170580
272469422
272232130
270851762
270483944
263992256
249774035
243082453
235580676
221251845
217740058
214894326
207810182
207749622
192860737
183913622
146925316
141391610
120294395
114885683
89909431
86406630
71329922
58470639
42954040
9882329
2791829
1081586
276448352
276356903
276347249
276161355
275510042
275501188
275497576
275343484
275240874
275210344
275158609
275127677
274595753
274195919
273803683
273646599
262901847
260920194
260794210
209313117
205246169
201621926
199129445
185171970
183896213
168229169
153820898
121059000
119706872
109913306
108896950
87378551
86533387
57509731
43072946
42347080
34738912
31904594
17035665
2791833
276488347
276451408
276428493
275926479
275707859
275502425
275324710
275158519
275157800
274836866
273206337
271579101
271138109
270806526
270479959
263390885
259568176
254080503
253722258
252933799
252534402
213598787
211303491
207779481
173674508
168380784
145976954
136980282
103264919
83149525
79751355
73088843
72518036
71974190
67550669
58722140
40279365
14237712
7980201
436279
276404765
275594306
275133899
275092949
274387537
274158274
274094208
273649611
273301421
273175417
273165562
264013762
263584931
260922162
255109724
254022599
249743739
205246215
196050206
189263673
187913518
186111223
183683849
117499673
94141748
84574208
62760925
58695139
58694389
48324478
45811593
43085002
23047544
14474191
7563733
7345681
755471
685452
629894
450241
276176664
275892293
275760571
275503182
274091857
272442632
269898463
219151399
205245900
195292118
194570348
194465241
174085285
163166333
149253521
141291362
134580205
129710172
124146278
115483450
112250706
112101672
106349644
103563667
94728498
84987202
83344475
76282911
76184476
75737132
73183260
70497752
70128351
69700005
39644661
24724062
23363043
11452015
10021552
447421
276255465
276239617
276191434
276176658
276135744
275749666
275749233
275598779
275298408
274594995
274555389
273796074
273266339
263246626
259513732
252674237
217736556
198735773
197709705
197601216
195901848
195781258
192712334
178261444
120129392
120129148
117533938
108957911
107459984
103265052
97677967
84717085
42808839
36672255
25618722
20845112
12727661
11354535
755392
440459